Time,mean,climatology,anomaly
1025740800,NaN,0.000213,NaN
1025827200,NaN,0.000213,NaN
1025913600,NaN,0.000213,NaN
1026000000,NaN,0.000213,NaN
1026086400,NaN,0.000214,NaN
1026172800,NaN,0.000214,NaN
1026259200,NaN,0.000214,NaN
1026345600,NaN,0.000214,NaN
1026432000,NaN,0.000214,NaN
1026518400,NaN,0.000214,NaN
1026691200,0.000214,0.000214,-0.000000
1026777600,NaN,0.000214,NaN
1026864000,0.000154,0.000215,-0.000061
1026950400,NaN,0.000215,NaN
1027036800,0.000252,0.000215,0.000037
1027209600,0.000208,0.000216,-0.000008
1027296000,0.000194,0.000216,-0.000022
1027382400,0.000218,0.000216,0.000002
1027468800,NaN,0.000217,NaN
1027555200,0.000380,0.000217,0.000163
1027641600,NaN,0.000217,NaN
1027728000,NaN,0.000217,NaN
1027814400,NaN,0.000218,NaN
1027900800,NaN,0.000218,NaN
1028678400,NaN,0.000221,NaN
1028851200,NaN,0.000221,NaN
1028937600,NaN,0.000222,NaN
1029024000,NaN,0.000222,NaN
1029110400,NaN,0.000222,NaN
1029196800,NaN,0.000222,NaN
1029283200,NaN,0.000223,NaN
1029456000,0.000362,0.000223,0.000139
1029542400,0.000370,0.000223,0.000147
1029628800,NaN,0.000223,NaN
1029715200,NaN,0.000223,NaN
1029888000,NaN,0.000222,NaN
1029974400,NaN,0.000222,NaN
1030060800,0.000242,0.000222,0.000020
1030233600,NaN,0.000222,NaN
1030320000,NaN,0.000222,NaN
1030406400,NaN,0.000222,NaN
1030492800,NaN,0.000222,NaN
1030579200,NaN,0.000222,NaN
1030665600,NaN,0.000222,NaN
1030752000,NaN,0.000221,NaN
1030924800,NaN,0.000221,NaN
1031011200,NaN,0.000221,NaN
1031097600,NaN,0.000221,NaN
1031270400,NaN,0.000221,NaN
1031356800,NaN,0.000221,NaN
1031443200,NaN,0.000221,NaN
1031616000,NaN,0.000221,NaN
1031702400,0.000248,0.000220,0.000028
1031875200,NaN,0.000220,NaN
1031961600,NaN,0.000220,NaN
1032048000,NaN,0.000220,NaN
1032134400,NaN,0.000219,NaN
1032220800,NaN,0.000218,NaN
1032307200,NaN,0.000218,NaN
1032393600,0.000400,0.000217,0.000183
1032480000,NaN,0.000216,NaN
1032566400,NaN,0.000215,NaN
1032652800,NaN,0.000214,NaN
1032739200,NaN,0.000214,NaN
1032825600,NaN,0.000213,NaN
1032912000,NaN,0.000212,NaN
1032998400,NaN,0.000211,NaN
1033084800,0.000192,0.000210,-0.000018
1033171200,NaN,0.000209,NaN
1033257600,NaN,0.000209,NaN
1033344000,NaN,0.000208,NaN
1033430400,0.000317,0.000207,0.000110
1033516800,NaN,0.000206,NaN
1033603200,NaN,0.000205,NaN
1033689600,0.000222,0.000204,0.000018
1033776000,NaN,0.000204,NaN
1033862400,0.000226,0.000203,0.000023
1033948800,0.000206,0.000202,0.000004
1034035200,NaN,0.000201,NaN
1034121600,NaN,0.000200,NaN
1034208000,NaN,0.000200,NaN
1034294400,NaN,0.000199,NaN
1034380800,0.000090,0.000198,-0.000108
1034467200,NaN,0.000197,NaN
1034553600,NaN,0.000196,NaN
1034640000,NaN,0.000195,NaN
1034726400,0.000148,0.000196,-0.000048
1034812800,0.000152,0.000196,-0.000044
1034899200,NaN,0.000196,NaN
1034985600,NaN,0.000196,NaN
1035072000,0.000170,0.000196,-0.000026
1035158400,NaN,0.000196,NaN
1035244800,NaN,0.000196,NaN
1035331200,NaN,0.000196,NaN
1035417600,NaN,0.000196,NaN
1035504000,NaN,0.000196,NaN
1035590400,NaN,0.000197,NaN
1035676800,NaN,0.000197,NaN
1035763200,NaN,0.000197,NaN
1035849600,NaN,0.000197,NaN
1035936000,NaN,0.000197,NaN
1036022400,0.000355,0.000197,0.000158
1036108800,NaN,0.000197,NaN
1036195200,NaN,0.000197,NaN
1036281600,NaN,0.000197,NaN
1036368000,NaN,0.000198,NaN
1036454400,NaN,0.000198,NaN
1036540800,0.000162,0.000198,-0.000036
1036627200,0.000238,0.000198,0.000040
1036713600,NaN,0.000198,NaN
1036800000,0.000260,0.000198,0.000062
1036886400,0.000350,0.000198,0.000152
1036972800,NaN,0.000198,NaN
1037059200,0.000292,0.000198,0.000094
1037145600,0.000152,0.000198,-0.000046
1037232000,NaN,0.000199,NaN
1037318400,NaN,0.000199,NaN
1037404800,NaN,0.000200,NaN
1037491200,0.000211,0.000202,0.000009
1037577600,NaN,0.000204,NaN
1037664000,NaN,0.000206,NaN
1037750400,NaN,0.000208,NaN
1037836800,0.000238,0.000210,0.000028
1037923200,0.000048,0.000211,-0.000163
1038009600,0.000182,0.000213,-0.000031
1038096000,NaN,0.000215,NaN
1038182400,0.000128,0.000217,-0.000089
1038268800,NaN,0.000219,NaN
1038355200,NaN,0.000221,NaN
1038441600,NaN,0.000222,NaN
1038528000,NaN,0.000224,NaN
1038614400,NaN,0.000226,NaN
1038700800,NaN,0.000228,NaN
1038787200,NaN,0.000230,NaN
1038873600,NaN,0.000232,NaN
1038960000,NaN,0.000233,NaN
1039046400,NaN,0.000235,NaN
1039132800,NaN,0.000237,NaN
1039219200,NaN,0.000239,NaN
1039305600,NaN,0.000241,NaN
1039392000,NaN,0.000243,NaN
1039478400,NaN,0.000244,NaN
1039564800,NaN,0.000246,NaN
1039651200,NaN,0.000248,NaN
1039737600,0.000284,0.000250,0.000034
1039824000,0.000256,0.000252,0.000004
1039910400,NaN,0.000254,NaN
1039996800,NaN,0.000253,NaN
1040083200,NaN,0.000253,NaN
1040169600,0.000332,0.000252,0.000080
1040256000,NaN,0.000252,NaN
1040342400,0.000186,0.000251,-0.000065
1040428800,NaN,0.000251,NaN
1040515200,0.000188,0.000250,-0.000062
1040601600,NaN,0.000250,NaN
1040688000,NaN,0.000249,NaN
1040774400,NaN,0.000249,NaN
1040860800,NaN,0.000248,NaN
1040947200,NaN,0.000248,NaN
1041033600,NaN,0.000247,NaN
1041120000,NaN,0.000247,NaN
1041206400,NaN,0.000246,NaN
1041292800,NaN,0.000246,NaN
1041379200,0.000238,0.000245,-0.000007
1041465600,NaN,0.000245,NaN
1041552000,0.000252,0.000244,0.000008
1041638400,0.000334,0.000244,0.000090
1041724800,0.000172,0.000243,-0.000071
1041811200,NaN,0.000243,NaN
1041897600,0.000186,0.000242,-0.000056
1041984000,0.000262,0.000242,0.000020
1042070400,NaN,0.000242,NaN
1042156800,NaN,0.000241,NaN
1042243200,NaN,0.000241,NaN
1042329600,NaN,0.000240,NaN
1042416000,0.000238,0.000240,-0.000002
1042502400,NaN,0.000239,NaN
1042588800,NaN,0.000239,NaN
1042675200,NaN,0.000238,NaN
1042761600,NaN,0.000238,NaN
1042848000,0.000798,0.000237,0.000561
1042934400,0.000238,0.000237,0.000001
1043020800,NaN,0.000236,NaN
1043107200,NaN,0.000236,NaN
1043193600,NaN,0.000235,NaN
1043280000,NaN,0.000235,NaN
1043366400,NaN,0.000234,NaN
1043452800,NaN,0.000234,NaN
1043539200,NaN,0.000233,NaN
1043625600,NaN,0.000233,NaN
1043712000,NaN,0.000232,NaN
1043798400,NaN,0.000232,NaN
1043884800,NaN,0.000231,NaN
1043971200,NaN,0.000231,NaN
1044057600,0.000076,0.000230,-0.000154
1044144000,NaN,0.000230,NaN
1044230400,NaN,0.000229,NaN
1044316800,0.000248,0.000229,0.000019
1044403200,NaN,0.000228,NaN
1044489600,NaN,0.000228,NaN
1044576000,NaN,0.000227,NaN
1044662400,NaN,0.000227,NaN
1044748800,NaN,0.000227,NaN
1044835200,NaN,0.000226,NaN
1044921600,0.000218,0.000226,-0.000008
1045008000,NaN,0.000225,NaN
1045094400,NaN,0.000225,NaN
1045180800,NaN,0.000224,NaN
1045267200,NaN,0.000224,NaN
1045353600,NaN,0.000223,NaN
1045440000,NaN,0.000223,NaN
1045526400,0.000226,0.000222,0.000004
1045612800,NaN,0.000222,NaN
1045699200,NaN,0.000221,NaN
1045785600,NaN,0.000221,NaN
1045872000,NaN,0.000220,NaN
1045958400,0.000248,0.000220,0.000028
1046044800,NaN,0.000219,NaN
1046131200,NaN,0.000219,NaN
1046217600,NaN,0.000218,NaN
1046304000,NaN,0.000218,NaN
1046390400,NaN,0.000218,NaN
1046476800,NaN,0.000217,NaN
1046563200,NaN,0.000217,NaN
1046649600,NaN,0.000216,NaN
1046736000,NaN,0.000216,NaN
1046822400,NaN,0.000215,NaN
1046908800,NaN,0.000215,NaN
1046995200,NaN,0.000214,NaN
1047081600,NaN,0.000214,NaN
1047168000,NaN,0.000213,NaN
1047254400,NaN,0.000213,NaN
1047340800,NaN,0.000212,NaN
1047427200,NaN,0.000212,NaN
1047513600,NaN,0.000211,NaN
1047600000,NaN,0.000211,NaN
1047686400,NaN,0.000211,NaN
1047772800,NaN,0.000209,NaN
1047859200,NaN,0.000208,NaN
1047945600,NaN,0.000206,NaN
1048032000,0.000140,0.000205,-0.000065
1048118400,NaN,0.000203,NaN
1048204800,0.000050,0.000202,-0.000152
1048291200,NaN,0.000201,NaN
1048377600,0.000058,0.000199,-0.000141
1048464000,NaN,0.000198,NaN
1048550400,NaN,0.000196,NaN
1048636800,NaN,0.000195,NaN
1048723200,0.000160,0.000193,-0.000033
1048809600,NaN,0.000192,NaN
1048896000,NaN,0.000191,NaN
1048982400,0.000134,0.000189,-0.000055
1049068800,0.000236,0.000188,0.000048
1049155200,NaN,0.000186,NaN
1049241600,NaN,0.000185,NaN
1049328000,NaN,0.000183,NaN
1049414400,NaN,0.000182,NaN
1049500800,NaN,0.000180,NaN
1049587200,NaN,0.000179,NaN
1049673600,NaN,0.000178,NaN
1049760000,NaN,0.000176,NaN
1049846400,NaN,0.000175,NaN
1049932800,NaN,0.000173,NaN
1050019200,NaN,0.000172,NaN
1050105600,0.000166,0.000170,-0.000004
1050192000,0.000128,0.000169,-0.000041
1050278400,0.000166,0.000168,-0.000002
1050364800,0.000014,0.000166,-0.000152
1050451200,NaN,0.000167,NaN
1050537600,NaN,0.000168,NaN
1050624000,NaN,0.000168,NaN
1050710400,NaN,0.000169,NaN
1050796800,NaN,0.000170,NaN
1050883200,NaN,0.000171,NaN
1050969600,NaN,0.000171,NaN
1051056000,NaN,0.000172,NaN
1051142400,NaN,0.000173,NaN
1051228800,NaN,0.000173,NaN
1051315200,0.000102,0.000174,-0.000072
1051401600,NaN,0.000175,NaN
1051488000,NaN,0.000176,NaN
1051574400,NaN,0.000176,NaN
1051660800,0.000144,0.000177,-0.000033
1051747200,NaN,0.000178,NaN
1051833600,NaN,0.000178,NaN
1051920000,NaN,0.000179,NaN
1052006400,NaN,0.000180,NaN
1052092800,NaN,0.000181,NaN
1052179200,NaN,0.000181,NaN
1052265600,NaN,0.000182,NaN
1052352000,NaN,0.000183,NaN
1052438400,NaN,0.000183,NaN
1052524800,NaN,0.000184,NaN
1052611200,NaN,0.000185,NaN
1052697600,NaN,0.000186,NaN
1052784000,NaN,0.000186,NaN
1052870400,NaN,0.000187,NaN
1052956800,NaN,0.000188,NaN
1053043200,NaN,0.000189,NaN
1053129600,NaN,0.000189,NaN
1053216000,NaN,0.000190,NaN
1053302400,NaN,0.000191,NaN
1053388800,NaN,0.000192,NaN
1053475200,NaN,0.000192,NaN
1053561600,NaN,0.000193,NaN
1053648000,0.000132,0.000194,-0.000062
1053734400,NaN,0.000195,NaN
1053820800,0.000238,0.000196,0.000042
1053907200,NaN,0.000196,NaN
1053993600,NaN,0.000197,NaN
1054080000,NaN,0.000198,NaN
1054166400,NaN,0.000199,NaN
1054252800,NaN,0.000199,NaN
1054339200,0.000204,0.000200,0.000004
1054425600,NaN,0.000201,NaN
1054512000,NaN,0.000202,NaN
1054598400,NaN,0.000203,NaN
1054684800,NaN,0.000203,NaN
1054771200,NaN,0.000204,NaN
1054857600,NaN,0.000205,NaN
1054944000,0.000248,0.000206,0.000042
1055030400,0.000252,0.000206,0.000046
1055116800,NaN,0.000207,NaN
1055203200,NaN,0.000208,NaN
1055289600,NaN,0.000209,NaN
1055376000,NaN,0.000210,NaN
1055462400,NaN,0.000210,NaN
1055548800,NaN,0.000211,NaN
1055635200,NaN,0.000212,NaN
1055721600,NaN,0.000212,NaN
1055808000,NaN,0.000212,NaN
1055894400,NaN,0.000212,NaN
1055980800,NaN,0.000212,NaN
1056067200,NaN,0.000212,NaN
1056153600,NaN,0.000212,NaN
1056240000,0.000110,0.000212,-0.000102
1056326400,NaN,0.000212,NaN
1056412800,NaN,0.000212,NaN
1056499200,NaN,0.000213,NaN
1056585600,NaN,0.000213,NaN
1056672000,NaN,0.000213,NaN
1056758400,NaN,0.000213,NaN
1056844800,NaN,0.000213,NaN
1056931200,NaN,0.000213,NaN
1057017600,NaN,0.000213,NaN
1057104000,NaN,0.000213,NaN
1057190400,NaN,0.000213,NaN
1057276800,NaN,0.000213,NaN
1057363200,NaN,0.000213,NaN
1057449600,NaN,0.000213,NaN
1057536000,NaN,0.000213,NaN
1057622400,NaN,0.000214,NaN
1057708800,0.000238,0.000214,0.000024
1057795200,NaN,0.000214,NaN
1057881600,NaN,0.000214,NaN
1057968000,0.000292,0.000214,0.000078
1058054400,NaN,0.000214,NaN
1058140800,NaN,0.000214,NaN
1058227200,NaN,0.000214,NaN
1058313600,NaN,0.000214,NaN
1058400000,NaN,0.000215,NaN
1058486400,0.000278,0.000215,0.000063
1058572800,NaN,0.000215,NaN
1058659200,0.000180,0.000215,-0.000035
1058745600,NaN,0.000216,NaN
1058832000,NaN,0.000216,NaN
1058918400,NaN,0.000216,NaN
1059004800,NaN,0.000217,NaN
1059091200,NaN,0.000217,NaN
1059177600,NaN,0.000217,NaN
1059264000,NaN,0.000217,NaN
1059350400,NaN,0.000218,NaN
1059436800,NaN,0.000218,NaN
1059523200,NaN,0.000218,NaN
1059609600,NaN,0.000219,NaN
1059696000,NaN,0.000219,NaN
1059782400,0.000171,0.000219,-0.000048
1059868800,NaN,0.000220,NaN
1059955200,0.000206,0.000220,-0.000014
1060041600,NaN,0.000220,NaN
1060128000,NaN,0.000220,NaN
1060214400,NaN,0.000221,NaN
1060300800,NaN,0.000221,NaN
1060387200,NaN,0.000221,NaN
1060473600,NaN,0.000222,NaN
1060560000,NaN,0.000222,NaN
1060646400,NaN,0.000222,NaN
1060732800,NaN,0.000222,NaN
1060819200,NaN,0.000223,NaN
1060905600,NaN,0.000223,NaN
1060992000,NaN,0.000223,NaN
1061078400,NaN,0.000223,NaN
1061164800,NaN,0.000223,NaN
1061251200,0.000250,0.000223,0.000027
1061337600,0.000204,0.000223,-0.000019
1061424000,NaN,0.000222,NaN
1061510400,NaN,0.000222,NaN
1061596800,NaN,0.000222,NaN
1061683200,NaN,0.000222,NaN
1061769600,0.000226,0.000222,0.000004
1061856000,NaN,0.000222,NaN
1061942400,NaN,0.000222,NaN
1062028800,0.000424,0.000222,0.000202
1062115200,0.000242,0.000222,0.000020
1062201600,NaN,0.000222,NaN
1062288000,NaN,0.000221,NaN
1062374400,0.000241,0.000221,0.000020
1062460800,NaN,0.000221,NaN
1062547200,0.000200,0.000221,-0.000021
1062633600,NaN,0.000221,NaN
1062720000,NaN,0.000221,NaN
1062806400,NaN,0.000221,NaN
1062892800,NaN,0.000221,NaN
1062979200,NaN,0.000221,NaN
1063065600,NaN,0.000221,NaN
1063152000,NaN,0.000221,NaN
1063238400,0.000142,0.000220,-0.000078
1063324800,NaN,0.000220,NaN
1063411200,NaN,0.000220,NaN
1063497600,NaN,0.000220,NaN
1063584000,NaN,0.000220,NaN
1063670400,NaN,0.000219,NaN
1063756800,NaN,0.000218,NaN
1063843200,NaN,0.000218,NaN
1063929600,NaN,0.000217,NaN
1064016000,NaN,0.000216,NaN
1064102400,NaN,0.000215,NaN
1064188800,NaN,0.000214,NaN
1064275200,NaN,0.000214,NaN
1064361600,NaN,0.000213,NaN
1064448000,NaN,0.000212,NaN
1064534400,NaN,0.000211,NaN
1064707200,NaN,0.000209,NaN
1064793600,NaN,0.000209,NaN
1064880000,NaN,0.000208,NaN
1064966400,0.000058,0.000207,-0.000149
1065052800,NaN,0.000206,NaN
1065139200,NaN,0.000205,NaN
1065225600,NaN,0.000204,NaN
1065312000,0.000261,0.000204,0.000057
1065398400,NaN,0.000203,NaN
1065484800,0.000352,0.000202,0.000150
1065571200,NaN,0.000201,NaN
1065657600,NaN,0.000200,NaN
1065744000,NaN,0.000200,NaN
1065830400,NaN,0.000199,NaN
1065916800,NaN,0.000198,NaN
1066003200,0.000080,0.000197,-0.000117
1066089600,NaN,0.000196,NaN
1066176000,NaN,0.000195,NaN
1066262400,NaN,0.000196,NaN
1066348800,NaN,0.000196,NaN
1066435200,NaN,0.000196,NaN
1066521600,NaN,0.000196,NaN
1066608000,NaN,0.000196,NaN
1066694400,0.000232,0.000196,0.000036
1066780800,0.000110,0.000196,-0.000086
1066867200,NaN,0.000196,NaN
1066953600,NaN,0.000196,NaN
1067040000,NaN,0.000196,NaN
1067126400,NaN,0.000197,NaN
1067212800,NaN,0.000197,NaN
1067299200,0.000118,0.000197,-0.000079
1067558400,NaN,0.000197,NaN
1067644800,0.000218,0.000197,0.000021
1067731200,NaN,0.000197,NaN
1067817600,0.000170,0.000197,-0.000027
1067904000,0.000184,0.000198,-0.000014
1067990400,NaN,0.000198,NaN
1068076800,0.000156,0.000198,-0.000042
1068163200,NaN,0.000198,NaN
1068249600,NaN,0.000198,NaN
1068336000,NaN,0.000198,NaN
1068422400,0.000244,0.000198,0.000046
1068508800,NaN,0.000198,NaN
1068595200,0.000208,0.000198,0.000010
1068681600,NaN,0.000198,NaN
1068768000,0.000168,0.000199,-0.000031
1068940800,NaN,0.000200,NaN
1069027200,NaN,0.000202,NaN
1069113600,NaN,0.000204,NaN
1069200000,NaN,0.000206,NaN
1069286400,0.000270,0.000208,0.000062
1069372800,NaN,0.000210,NaN
1069459200,NaN,0.000211,NaN
1069545600,NaN,0.000213,NaN
1069632000,0.000232,0.000215,0.000017
1069718400,NaN,0.000217,NaN
1069804800,0.000154,0.000219,-0.000065
1069891200,NaN,0.000221,NaN
1069977600,NaN,0.000222,NaN
1070064000,NaN,0.000224,NaN
1070150400,NaN,0.000226,NaN
1070323200,NaN,0.000230,NaN
1070409600,NaN,0.000232,NaN
1070496000,NaN,0.000233,NaN
1070582400,NaN,0.000235,NaN
1070668800,NaN,0.000237,NaN
1070755200,0.000060,0.000239,-0.000179
1070841600,NaN,0.000241,NaN
1070928000,0.000248,0.000243,0.000005
1071014400,0.000306,0.000244,0.000062
1071100800,NaN,0.000246,NaN
1071187200,NaN,0.000248,NaN
1071273600,NaN,0.000250,NaN
1071360000,0.000242,0.000252,-0.000010
1071446400,0.000404,0.000254,0.000150
1071532800,NaN,0.000253,NaN
1071619200,0.000358,0.000253,0.000105
1071705600,NaN,0.000252,NaN
1071792000,0.000346,0.000252,0.000094
1071878400,0.000332,0.000251,0.000081
1071964800,0.000300,0.000251,0.000049
1072051200,0.000210,0.000250,-0.000040
1072137600,NaN,0.000250,NaN
1072224000,0.000264,0.000249,0.000015
1072310400,NaN,0.000249,NaN
1072396800,NaN,0.000248,NaN
1072483200,NaN,0.000248,NaN
1072569600,NaN,0.000247,NaN
1072656000,NaN,0.000247,NaN
1072742400,NaN,0.000246,NaN
1072828800,NaN,0.000246,NaN
1072915200,NaN,0.000245,NaN
1073001600,NaN,0.000245,NaN
1073088000,NaN,0.000244,NaN
1073174400,NaN,0.000244,NaN
1073260800,NaN,0.000243,NaN
1073347200,NaN,0.000243,NaN
1073433600,NaN,0.000242,NaN
1073520000,NaN,0.000242,NaN
1073606400,0.000312,0.000242,0.000070
1073692800,NaN,0.000241,NaN
1073779200,NaN,0.000241,NaN
1073865600,NaN,0.000240,NaN
1073952000,NaN,0.000240,NaN
1074038400,NaN,0.000239,NaN
1074124800,NaN,0.000239,NaN
1074211200,NaN,0.000238,NaN
1074297600,NaN,0.000238,NaN
1074384000,NaN,0.000237,NaN
1074470400,NaN,0.000237,NaN
1074556800,NaN,0.000236,NaN
1074643200,NaN,0.000236,NaN
1074729600,0.000224,0.000235,-0.000011
1074816000,NaN,0.000235,NaN
1074902400,NaN,0.000234,NaN
1074988800,NaN,0.000234,NaN
1075075200,NaN,0.000233,NaN
1075161600,0.000318,0.000233,0.000085
1075248000,0.000154,0.000232,-0.000078
1075334400,NaN,0.000232,NaN
1075420800,NaN,0.000231,NaN
1075507200,NaN,0.000231,NaN
1075593600,0.000208,0.000230,-0.000022
1075680000,NaN,0.000230,NaN
1075766400,NaN,0.000229,NaN
1075852800,NaN,0.000229,NaN
1075939200,NaN,0.000228,NaN
1076025600,NaN,0.000228,NaN
1076112000,0.000266,0.000227,0.000039
1076198400,NaN,0.000227,NaN
1076284800,NaN,0.000227,NaN
1076371200,NaN,0.000226,NaN
1076457600,NaN,0.000226,NaN
1076544000,NaN,0.000225,NaN
1076630400,NaN,0.000225,NaN
1076716800,NaN,0.000224,NaN
1076803200,NaN,0.000224,NaN
1076889600,NaN,0.000223,NaN
1076976000,NaN,0.000223,NaN
1077062400,0.000204,0.000222,-0.000018
1077148800,NaN,0.000222,NaN
1077235200,0.000244,0.000221,0.000023
1077321600,NaN,0.000221,NaN
1077408000,NaN,0.000220,NaN
1077494400,NaN,0.000220,NaN
1077580800,NaN,0.000219,NaN
1077667200,NaN,0.000219,NaN
1077753600,NaN,0.000218,NaN
1077840000,NaN,0.000218,NaN
1077926400,NaN,0.000218,NaN
1078012800,NaN,0.000217,NaN
1078099200,NaN,0.000217,NaN
1078185600,NaN,0.000216,NaN
1078272000,NaN,0.000216,NaN
1078358400,NaN,0.000215,NaN
1078444800,NaN,0.000215,NaN
1078531200,0.000231,0.000214,0.000017
1078617600,NaN,0.000214,NaN
1078704000,0.000142,0.000213,-0.000071
1078790400,0.000090,0.000213,-0.000123
1078876800,0.000200,0.000212,-0.000012
1078963200,NaN,0.000212,NaN
1079049600,NaN,0.000211,NaN
1079136000,NaN,0.000211,NaN
1079222400,NaN,0.000211,NaN
1079308800,NaN,0.000209,NaN
1079395200,NaN,0.000208,NaN
1079481600,0.000166,0.000206,-0.000040
1079568000,0.000190,0.000205,-0.000015
1079654400,NaN,0.000203,NaN
1079740800,0.000184,0.000202,-0.000018
1079827200,0.000140,0.000201,-0.000061
1079913600,NaN,0.000199,NaN
1080000000,NaN,0.000198,NaN
1080086400,0.000246,0.000196,0.000050
1080172800,NaN,0.000195,NaN
1080259200,NaN,0.000193,NaN
1080345600,0.000198,0.000192,0.000006
1080432000,NaN,0.000191,NaN
1080518400,NaN,0.000189,NaN
1080604800,NaN,0.000188,NaN
1080691200,0.000136,0.000186,-0.000050
1080777600,0.000178,0.000185,-0.000007
1080864000,NaN,0.000183,NaN
1080950400,NaN,0.000182,NaN
1081036800,NaN,0.000180,NaN
1081123200,NaN,0.000179,NaN
1081209600,NaN,0.000178,NaN
1081296000,0.000198,0.000176,0.000022
1081382400,0.000190,0.000175,0.000015
1081468800,0.000184,0.000173,0.000011
1081555200,NaN,0.000172,NaN
1081641600,NaN,0.000170,NaN
1081728000,NaN,0.000169,NaN
1081814400,NaN,0.000168,NaN
1081900800,0.000114,0.000166,-0.000052
1081987200,NaN,0.000167,NaN
1082073600,NaN,0.000168,NaN
1082160000,0.000108,0.000168,-0.000060
1082246400,NaN,0.000169,NaN
1082332800,NaN,0.000170,NaN
1082419200,NaN,0.000171,NaN
1082505600,NaN,0.000171,NaN
1082592000,NaN,0.000172,NaN
1082678400,NaN,0.000173,NaN
1082764800,NaN,0.000173,NaN
1082851200,NaN,0.000174,NaN
1082937600,NaN,0.000175,NaN
1083024000,NaN,0.000176,NaN
1083110400,NaN,0.000176,NaN
1083196800,NaN,0.000177,NaN
1083283200,NaN,0.000178,NaN
1083369600,NaN,0.000178,NaN
1083456000,NaN,0.000179,NaN
1083542400,0.000116,0.000180,-0.000064
1083628800,0.000176,0.000181,-0.000005
1083715200,NaN,0.000181,NaN
1083801600,NaN,0.000182,NaN
1083888000,NaN,0.000183,NaN
1083974400,NaN,0.000183,NaN
1084060800,0.000146,0.000184,-0.000038
1084147200,NaN,0.000185,NaN
1084233600,NaN,0.000186,NaN
1084320000,NaN,0.000186,NaN
1084406400,NaN,0.000187,NaN
1084492800,NaN,0.000188,NaN
1084579200,NaN,0.000189,NaN
1084665600,NaN,0.000189,NaN
1084752000,NaN,0.000190,NaN
1084838400,0.000250,0.000191,0.000059
1084924800,NaN,0.000192,NaN
1085011200,NaN,0.000192,NaN
1085097600,NaN,0.000193,NaN
1085184000,NaN,0.000194,NaN
1085270400,0.000258,0.000195,0.000063
1085356800,NaN,0.000196,NaN
1085443200,0.000222,0.000196,0.000026
1085529600,0.000164,0.000197,-0.000033
1085616000,0.000256,0.000198,0.000058
1085702400,0.000056,0.000199,-0.000143
1085788800,NaN,0.000199,NaN
1085875200,0.000160,0.000200,-0.000040
1085961600,NaN,0.000201,NaN
1086048000,NaN,0.000202,NaN
1086134400,0.000196,0.000203,-0.000007
1086220800,NaN,0.000203,NaN
1086307200,NaN,0.000204,NaN
1086393600,NaN,0.000205,NaN
1086480000,NaN,0.000206,NaN
1086566400,NaN,0.000206,NaN
1086652800,NaN,0.000207,NaN
1086739200,NaN,0.000208,NaN
1086825600,0.000078,0.000209,-0.000131
1086912000,NaN,0.000210,NaN
1086998400,0.000296,0.000210,0.000086
1087084800,NaN,0.000211,NaN
1087171200,NaN,0.000212,NaN
1087257600,0.000066,0.000212,-0.000146
1087344000,NaN,0.000212,NaN
1087430400,NaN,0.000212,NaN
1087516800,0.000163,0.000212,-0.000049
1087603200,NaN,0.000212,NaN
1087689600,NaN,0.000212,NaN
1087776000,NaN,0.000212,NaN
1087862400,NaN,0.000212,NaN
1087948800,NaN,0.000212,NaN
1088035200,NaN,0.000213,NaN
1088121600,NaN,0.000213,NaN
1088208000,NaN,0.000213,NaN
1088294400,NaN,0.000213,NaN
1088380800,NaN,0.000213,NaN
1088467200,NaN,0.000213,NaN
1088553600,NaN,0.000213,NaN
1088640000,NaN,0.000213,NaN
1088726400,NaN,0.000213,NaN
1088812800,0.000156,0.000213,-0.000057
1088899200,0.000221,0.000213,0.000008
1088985600,NaN,0.000213,NaN
1089072000,NaN,0.000213,NaN
1089158400,0.000138,0.000214,-0.000076
1089244800,0.000068,0.000214,-0.000146
1089331200,NaN,0.000214,NaN
1089417600,NaN,0.000214,NaN
1089504000,NaN,0.000214,NaN
1089590400,NaN,0.000214,NaN
1089676800,NaN,0.000214,NaN
1089763200,NaN,0.000214,NaN
1089849600,NaN,0.000214,NaN
1089936000,NaN,0.000215,NaN
1090022400,NaN,0.000215,NaN
1090108800,NaN,0.000215,NaN
1090195200,NaN,0.000215,NaN
1090281600,NaN,0.000216,NaN
1090368000,0.000266,0.000216,0.000050
1090454400,0.000224,0.000216,0.000008
1090540800,NaN,0.000217,NaN
1090627200,NaN,0.000217,NaN
1090713600,NaN,0.000217,NaN
1090800000,NaN,0.000217,NaN
1090886400,NaN,0.000218,NaN
1090972800,0.000186,0.000218,-0.000032
1091059200,0.000208,0.000218,-0.000010
1091145600,0.000302,0.000219,0.000083
1091232000,NaN,0.000219,NaN
1091318400,NaN,0.000219,NaN
1091404800,NaN,0.000220,NaN
1091491200,NaN,0.000220,NaN
1091577600,NaN,0.000220,NaN
1091664000,NaN,0.000220,NaN
1091750400,NaN,0.000221,NaN
1091836800,NaN,0.000221,NaN
1091923200,NaN,0.000221,NaN
1092009600,NaN,0.000222,NaN
1092096000,NaN,0.000222,NaN
1092182400,NaN,0.000222,NaN
1092268800,NaN,0.000222,NaN
1092355200,0.000238,0.000223,0.000015
1092441600,0.000164,0.000223,-0.000059
1092528000,NaN,0.000223,NaN
1092614400,NaN,0.000223,NaN
1092700800,NaN,0.000223,NaN
1092787200,NaN,0.000223,NaN
1092873600,NaN,0.000223,NaN
1092960000,NaN,0.000222,NaN
1093046400,NaN,0.000222,NaN
1093132800,NaN,0.000222,NaN
1093219200,NaN,0.000222,NaN
1093305600,NaN,0.000222,NaN
1093392000,NaN,0.000222,NaN
1093478400,NaN,0.000222,NaN
1093564800,NaN,0.000222,NaN
1093651200,NaN,0.000222,NaN
1093737600,NaN,0.000222,NaN
1093824000,NaN,0.000221,NaN
1093910400,NaN,0.000221,NaN
1093996800,NaN,0.000221,NaN
1094083200,NaN,0.000221,NaN
1094169600,NaN,0.000221,NaN
1094256000,NaN,0.000221,NaN
1094342400,0.000331,0.000221,0.000110
1094428800,NaN,0.000221,NaN
1094515200,NaN,0.000221,NaN
1094601600,NaN,0.000221,NaN
1094688000,NaN,0.000221,NaN
1094774400,NaN,0.000220,NaN
1094860800,NaN,0.000220,NaN
1094947200,NaN,0.000220,NaN
1095033600,NaN,0.000220,NaN
1095120000,0.000209,0.000220,-0.000011
1095206400,NaN,0.000219,NaN
1095292800,0.000184,0.000218,-0.000034
1095379200,0.000474,0.000218,0.000256
1095465600,NaN,0.000217,NaN
1095552000,NaN,0.000216,NaN
1095638400,NaN,0.000215,NaN
1095724800,NaN,0.000214,NaN
1095811200,NaN,0.000214,NaN
1095897600,NaN,0.000213,NaN
1095984000,NaN,0.000212,NaN
1096070400,NaN,0.000211,NaN
1096156800,NaN,0.000210,NaN
1096243200,NaN,0.000209,NaN
1096329600,NaN,0.000209,NaN
1096416000,0.000264,0.000208,0.000056
1096502400,0.000206,0.000207,-0.000001
1096588800,0.000052,0.000206,-0.000154
1096675200,0.000228,0.000205,0.000023
1096761600,NaN,0.000204,NaN
1096848000,NaN,0.000204,NaN
1096934400,NaN,0.000203,NaN
1097020800,NaN,0.000202,NaN
1097107200,NaN,0.000201,NaN
1097193600,NaN,0.000200,NaN
1097280000,0.000172,0.000200,-0.000028
1097366400,NaN,0.000199,NaN
1097452800,0.000208,0.000198,0.000010
1097539200,0.000154,0.000197,-0.000043
1097625600,0.000132,0.000196,-0.000064
1097712000,NaN,0.000195,NaN
1097798400,0.000186,0.000196,-0.000010
1097884800,0.000240,0.000196,0.000044
1097971200,0.000148,0.000196,-0.000048
1098057600,NaN,0.000196,NaN
1098144000,NaN,0.000196,NaN
1098230400,0.000210,0.000196,0.000014
1098316800,NaN,0.000196,NaN
1098403200,0.000273,0.000196,0.000077
1098489600,NaN,0.000196,NaN
1098576000,0.000010,0.000196,-0.000186
1098662400,0.000173,0.000197,-0.000024
1098748800,NaN,0.000197,NaN
1098835200,NaN,0.000197,NaN
1098921600,NaN,0.000197,NaN
1099008000,0.000302,0.000197,0.000105
1099094400,0.000132,0.000197,-0.000065
1099180800,NaN,0.000197,NaN
1099267200,NaN,0.000197,NaN
1099353600,NaN,0.000197,NaN
1099440000,0.000213,0.000198,0.000015
1099526400,0.000078,0.000198,-0.000120
1099612800,0.000158,0.000198,-0.000040
1099699200,0.000230,0.000198,0.000032
1099785600,0.000110,0.000198,-0.000088
1099872000,NaN,0.000198,NaN
1099958400,NaN,0.000198,NaN
1100044800,0.000040,0.000198,-0.000158
1100131200,NaN,0.000198,NaN
1100217600,NaN,0.000198,NaN
1100304000,NaN,0.000199,NaN
1100390400,NaN,0.000199,NaN
1100476800,NaN,0.000200,NaN
1100563200,NaN,0.000202,NaN
1100649600,NaN,0.000204,NaN
1100736000,NaN,0.000206,NaN
1100822400,NaN,0.000208,NaN
1100908800,NaN,0.000210,NaN
1100995200,0.000180,0.000211,-0.000031
1101081600,NaN,0.000213,NaN
1101168000,0.000104,0.000215,-0.000111
1101254400,NaN,0.000217,NaN
1101340800,0.000122,0.000219,-0.000097
1101427200,NaN,0.000221,NaN
1101513600,0.000210,0.000222,-0.000012
1101600000,0.000187,0.000224,-0.000037
1101686400,NaN,0.000226,NaN
1101772800,NaN,0.000228,NaN
1101859200,NaN,0.000230,NaN
1101945600,NaN,0.000232,NaN
1102032000,NaN,0.000233,NaN
1102118400,NaN,0.000235,NaN
1102204800,NaN,0.000237,NaN
1102291200,NaN,0.000239,NaN
1102377600,NaN,0.000241,NaN
1102464000,NaN,0.000243,NaN
1102550400,NaN,0.000244,NaN
1102636800,0.000324,0.000246,0.000078
1102723200,0.000188,0.000248,-0.000060
1102809600,0.000284,0.000250,0.000034
1102896000,NaN,0.000252,NaN
1102982400,0.000244,0.000254,-0.000010
1103068800,NaN,0.000253,NaN
1103155200,NaN,0.000253,NaN
1103241600,NaN,0.000252,NaN
1103328000,NaN,0.000252,NaN
1103414400,0.000286,0.000251,0.000035
1103500800,NaN,0.000251,NaN
1103587200,NaN,0.000250,NaN
1103673600,NaN,0.000250,NaN
1103760000,NaN,0.000249,NaN
1103846400,NaN,0.000249,NaN
1103932800,NaN,0.000248,NaN
1104019200,0.000230,0.000248,-0.000018
1104105600,NaN,0.000247,NaN
1104192000,0.000194,0.000247,-0.000053
1104278400,NaN,0.000247,NaN
1104364800,NaN,0.000246,NaN
1104451200,NaN,0.000246,NaN
1104537600,0.000304,0.000245,0.000059
1104624000,NaN,0.000245,NaN
1104710400,NaN,0.000244,NaN
1104796800,NaN,0.000244,NaN
1104883200,0.000296,0.000243,0.000053
1104969600,NaN,0.000243,NaN
1105056000,NaN,0.000242,NaN
1105142400,NaN,0.000242,NaN
1105228800,NaN,0.000241,NaN
1105315200,NaN,0.000241,NaN
1105401600,NaN,0.000240,NaN
1105488000,NaN,0.000240,NaN
1105574400,NaN,0.000240,NaN
1105660800,NaN,0.000239,NaN
1105747200,NaN,0.000239,NaN
1105833600,0.000322,0.000238,0.000084
1105920000,NaN,0.000238,NaN
1106006400,NaN,0.000237,NaN
1106092800,0.000170,0.000237,-0.000067
1106179200,NaN,0.000236,NaN
1106265600,NaN,0.000236,NaN
1106352000,NaN,0.000235,NaN
1106438400,NaN,0.000235,NaN
1106524800,0.000248,0.000234,0.000014
1106611200,NaN,0.000234,NaN
1106697600,0.000168,0.000233,-0.000065
1106784000,NaN,0.000233,NaN
1106870400,NaN,0.000232,NaN
1106956800,NaN,0.000232,NaN
1107043200,NaN,0.000231,NaN
1107129600,NaN,0.000231,NaN
1107216000,NaN,0.000230,NaN
1107302400,NaN,0.000230,NaN
1107388800,NaN,0.000229,NaN
1107475200,NaN,0.000229,NaN
1107561600,NaN,0.000228,NaN
1107648000,NaN,0.000228,NaN
1107734400,NaN,0.000227,NaN
1107820800,NaN,0.000227,NaN
1107907200,NaN,0.000227,NaN
1107993600,NaN,0.000226,NaN
1108080000,NaN,0.000226,NaN
1108166400,NaN,0.000225,NaN
1108252800,NaN,0.000225,NaN
1108339200,NaN,0.000224,NaN
1108425600,NaN,0.000224,NaN
1108512000,NaN,0.000223,NaN
1108598400,NaN,0.000223,NaN
1108684800,NaN,0.000222,NaN
1108771200,NaN,0.000222,NaN
1108857600,NaN,0.000221,NaN
1108944000,NaN,0.000221,NaN
1109030400,NaN,0.000220,NaN
1109116800,NaN,0.000220,NaN
1109203200,NaN,0.000219,NaN
1109289600,NaN,0.000219,NaN
1109376000,NaN,0.000218,NaN
1109462400,NaN,0.000218,NaN
1109548800,0.000190,0.000218,-0.000028
1109635200,NaN,0.000217,NaN
1109721600,NaN,0.000217,NaN
1109808000,NaN,0.000216,NaN
1109894400,NaN,0.000216,NaN
1109980800,NaN,0.000215,NaN
1110067200,NaN,0.000215,NaN
1110153600,NaN,0.000214,NaN
1110240000,NaN,0.000214,NaN
1110326400,NaN,0.000213,NaN
1110412800,0.000180,0.000213,-0.000033
1110499200,NaN,0.000212,NaN
1110585600,0.000038,0.000212,-0.000174
1110672000,NaN,0.000211,NaN
1110758400,NaN,0.000211,NaN
1110844800,NaN,0.000211,NaN
1110931200,NaN,0.000209,NaN
1111017600,NaN,0.000208,NaN
1111104000,0.000172,0.000206,-0.000034
1111190400,NaN,0.000205,NaN
1111276800,0.000168,0.000203,-0.000035
1111363200,NaN,0.000202,NaN
1111449600,NaN,0.000201,NaN
1111536000,0.000208,0.000199,0.000009
1111622400,NaN,0.000198,NaN
1111708800,NaN,0.000196,NaN
1111795200,NaN,0.000195,NaN
1111881600,NaN,0.000193,NaN
1111968000,NaN,0.000192,NaN
1112054400,NaN,0.000191,NaN
1112140800,NaN,0.000189,NaN
1112227200,NaN,0.000188,NaN
1112313600,0.000242,0.000186,0.000056
1112400000,0.000168,0.000185,-0.000017
1112486400,0.000180,0.000183,-0.000003
1112572800,NaN,0.000182,NaN
1112659200,NaN,0.000180,NaN
1112745600,NaN,0.000179,NaN
1112832000,NaN,0.000178,NaN
1112918400,NaN,0.000176,NaN
1113004800,0.000175,0.000175,0.000000
1113091200,NaN,0.000173,NaN
1113177600,NaN,0.000172,NaN
1113264000,0.000182,0.000170,0.000012
1113350400,0.000198,0.000169,0.000029
1113436800,NaN,0.000168,NaN
1113523200,NaN,0.000166,NaN
1113609600,NaN,0.000167,NaN
1113696000,0.000110,0.000168,-0.000058
1113782400,NaN,0.000168,NaN
1113868800,NaN,0.000169,NaN
1113955200,NaN,0.000170,NaN
1114041600,0.000234,0.000171,0.000063
1114128000,NaN,0.000171,NaN
1114214400,NaN,0.000172,NaN
1114300800,NaN,0.000173,NaN
1114387200,NaN,0.000173,NaN
1114473600,NaN,0.000174,NaN
1114560000,0.000138,0.000175,-0.000037
1114646400,NaN,0.000176,NaN
1114732800,NaN,0.000176,NaN
1114819200,NaN,0.000177,NaN
1114905600,NaN,0.000178,NaN
1114992000,NaN,0.000178,NaN
1115078400,NaN,0.000179,NaN
1115164800,NaN,0.000180,NaN
1115251200,0.000186,0.000181,0.000005
1115337600,NaN,0.000181,NaN
1115424000,NaN,0.000182,NaN
1115510400,NaN,0.000183,NaN
1115596800,NaN,0.000183,NaN
1115683200,NaN,0.000184,NaN
1115769600,NaN,0.000185,NaN
1115856000,NaN,0.000186,NaN
1115942400,NaN,0.000186,NaN
1116028800,NaN,0.000187,NaN
1116115200,NaN,0.000188,NaN
1116201600,NaN,0.000189,NaN
1116288000,NaN,0.000189,NaN
1116374400,NaN,0.000190,NaN
1116460800,0.000172,0.000191,-0.000019
1116547200,NaN,0.000192,NaN
1116633600,0.000254,0.000192,0.000062
1116720000,NaN,0.000193,NaN
1116806400,0.000146,0.000194,-0.000048
1116892800,0.000144,0.000195,-0.000051
1116979200,NaN,0.000196,NaN
1117065600,NaN,0.000196,NaN
1117152000,NaN,0.000197,NaN
1117238400,NaN,0.000198,NaN
1117324800,NaN,0.000199,NaN
1117411200,0.000186,0.000199,-0.000013
1117497600,NaN,0.000200,NaN
1117584000,NaN,0.000201,NaN
1117670400,0.000128,0.000202,-0.000074
1117756800,NaN,0.000203,NaN
1117843200,0.000128,0.000203,-0.000075
1117929600,NaN,0.000204,NaN
1118016000,0.000209,0.000205,0.000004
1118102400,NaN,0.000206,NaN
1118188800,NaN,0.000206,NaN
1118275200,NaN,0.000207,NaN
1118361600,NaN,0.000208,NaN
1118448000,NaN,0.000209,NaN
1118534400,0.000224,0.000210,0.000014
1118620800,0.000176,0.000210,-0.000034
1118707200,NaN,0.000211,NaN
1118793600,0.000244,0.000212,0.000032
1118880000,0.000190,0.000212,-0.000022
1118966400,NaN,0.000212,NaN
1119052800,0.000062,0.000212,-0.000150
1119139200,NaN,0.000212,NaN
1119225600,NaN,0.000212,NaN
1119312000,NaN,0.000212,NaN
1119398400,NaN,0.000212,NaN
1119484800,0.000280,0.000212,0.000068
1119571200,NaN,0.000212,NaN
1119657600,NaN,0.000213,NaN
1119744000,NaN,0.000213,NaN
1119830400,0.000160,0.000213,-0.000053
1119916800,NaN,0.000213,NaN
1120003200,NaN,0.000213,NaN
1120089600,0.000258,0.000213,0.000045
1120176000,0.000150,0.000213,-0.000063
1120262400,0.000148,0.000213,-0.000065
1120348800,NaN,0.000213,NaN
1120435200,0.000077,0.000213,-0.000136
1120521600,NaN,0.000213,NaN
1120608000,NaN,0.000213,NaN
1120694400,0.000192,0.000213,-0.000021
1120780800,NaN,0.000214,NaN
1120867200,0.000234,0.000214,0.000020
1120953600,NaN,0.000214,NaN
1121040000,NaN,0.000214,NaN
1121126400,NaN,0.000214,NaN
1121212800,NaN,0.000214,NaN
1121299200,NaN,0.000214,NaN
1121385600,NaN,0.000214,NaN
1121472000,NaN,0.000214,NaN
1121558400,0.000264,0.000215,0.000049
1121644800,NaN,0.000215,NaN
1121731200,NaN,0.000215,NaN
1121817600,NaN,0.000215,NaN
1121904000,NaN,0.000216,NaN
1121990400,0.000104,0.000216,-0.000112
1122076800,0.000162,0.000216,-0.000054
1122163200,0.000270,0.000217,0.000053
1122249600,NaN,0.000217,NaN
1122336000,NaN,0.000217,NaN
1122422400,NaN,0.000217,NaN
1122508800,NaN,0.000218,NaN
1122595200,NaN,0.000218,NaN
1122681600,NaN,0.000218,NaN
1122768000,0.000159,0.000219,-0.000060
1122854400,NaN,0.000219,NaN
1122940800,NaN,0.000219,NaN
1123027200,NaN,0.000220,NaN
1123113600,NaN,0.000220,NaN
1123200000,NaN,0.000220,NaN
1123286400,NaN,0.000220,NaN
1123372800,NaN,0.000221,NaN
1123459200,0.000190,0.000221,-0.000031
1123545600,NaN,0.000221,NaN
1123632000,NaN,0.000222,NaN
1123718400,NaN,0.000222,NaN
1123804800,NaN,0.000222,NaN
1123891200,NaN,0.000222,NaN
1123977600,NaN,0.000223,NaN
1124064000,NaN,0.000223,NaN
1124150400,0.000198,0.000223,-0.000025
1124236800,NaN,0.000223,NaN
1124323200,NaN,0.000223,NaN
1124409600,0.000190,0.000223,-0.000033
1124496000,NaN,0.000223,NaN
1124582400,NaN,0.000222,NaN
1124668800,NaN,0.000222,NaN
1124755200,0.000276,0.000222,0.000054
1124841600,NaN,0.000222,NaN
1124928000,0.000168,0.000222,-0.000054
1125014400,NaN,0.000222,NaN
1125100800,NaN,0.000222,NaN
1125187200,NaN,0.000222,NaN
1125273600,NaN,0.000222,NaN
1125360000,NaN,0.000222,NaN
1125446400,NaN,0.000221,NaN
1125532800,0.000320,0.000221,0.000099
1125619200,NaN,0.000221,NaN
1125705600,NaN,0.000221,NaN
1125792000,NaN,0.000221,NaN
1125878400,NaN,0.000221,NaN
1125964800,NaN,0.000221,NaN
1126051200,NaN,0.000221,NaN
1126137600,NaN,0.000221,NaN
1126224000,NaN,0.000221,NaN
1126310400,NaN,0.000221,NaN
1126396800,NaN,0.000220,NaN
1126483200,NaN,0.000220,NaN
1126569600,NaN,0.000220,NaN
1126656000,NaN,0.000220,NaN
1126742400,NaN,0.000220,NaN
1126828800,0.000162,0.000219,-0.000057
1126915200,NaN,0.000218,NaN
1127001600,NaN,0.000218,NaN
1127088000,NaN,0.000217,NaN
1127174400,NaN,0.000216,NaN
1127260800,NaN,0.000215,NaN
1127347200,NaN,0.000214,NaN
1127433600,NaN,0.000214,NaN
1127520000,NaN,0.000213,NaN
1127606400,NaN,0.000212,NaN
1127692800,NaN,0.000211,NaN
1127779200,NaN,0.000210,NaN
1127865600,0.000276,0.000209,0.000067
1127952000,0.000086,0.000209,-0.000123
1128038400,NaN,0.000208,NaN
1128124800,NaN,0.000207,NaN
1128211200,NaN,0.000206,NaN
1128297600,NaN,0.000205,NaN
1128384000,NaN,0.000204,NaN
1128470400,0.000226,0.000204,0.000022
1128556800,NaN,0.000203,NaN
1128643200,NaN,0.000202,NaN
1128729600,NaN,0.000201,NaN
1128816000,0.000216,0.000200,0.000016
1128902400,NaN,0.000200,NaN
1128988800,NaN,0.000199,NaN
1129075200,0.000138,0.000198,-0.000060
1129161600,NaN,0.000197,NaN
1129248000,0.000272,0.000196,0.000076
1129334400,0.000440,0.000195,0.000245
1129420800,0.000200,0.000196,0.000004
1129507200,0.000292,0.000196,0.000096
1129593600,0.000086,0.000196,-0.000110
1129680000,0.000256,0.000196,0.000060
1129766400,0.000264,0.000196,0.000068
1129852800,0.000144,0.000196,-0.000052
1129939200,NaN,0.000196,NaN
1130025600,0.000200,0.000196,0.000004
1130112000,NaN,0.000196,NaN
1130198400,NaN,0.000196,NaN
1130284800,NaN,0.000197,NaN
1130371200,NaN,0.000197,NaN
1130457600,0.000168,0.000197,-0.000029
1130544000,NaN,0.000197,NaN
1130630400,0.000120,0.000197,-0.000077
1130716800,NaN,0.000197,NaN
1130803200,NaN,0.000197,NaN
1130889600,0.000208,0.000197,0.000011
1130976000,NaN,0.000197,NaN
1131062400,NaN,0.000198,NaN
1131148800,NaN,0.000198,NaN
1131235200,0.000230,0.000198,0.000032
1131321600,NaN,0.000198,NaN
1131408000,0.000164,0.000198,-0.000034
1131494400,NaN,0.000198,NaN
1131580800,0.000240,0.000198,0.000042
1131667200,NaN,0.000198,NaN
1131753600,NaN,0.000198,NaN
1131840000,NaN,0.000198,NaN
1131926400,NaN,0.000199,NaN
1132012800,NaN,0.000199,NaN
1132099200,NaN,0.000200,NaN
1132185600,NaN,0.000202,NaN
1132272000,0.000194,0.000204,-0.000010
1132358400,NaN,0.000206,NaN
1132444800,NaN,0.000208,NaN
1132531200,NaN,0.000210,NaN
1132617600,0.000208,0.000211,-0.000003
1132704000,NaN,0.000213,NaN
1132790400,NaN,0.000215,NaN
1132876800,NaN,0.000217,NaN
1132963200,NaN,0.000219,NaN
1133049600,NaN,0.000221,NaN
1133136000,NaN,0.000222,NaN
1133222400,0.000180,0.000224,-0.000044
1133308800,NaN,0.000226,NaN
1133481600,NaN,0.000230,NaN
1133568000,NaN,0.000232,NaN
1133654400,NaN,0.000233,NaN
1133740800,NaN,0.000235,NaN
1133827200,NaN,0.000237,NaN
1133913600,NaN,0.000239,NaN
1134000000,NaN,0.000241,NaN
1134086400,NaN,0.000243,NaN
1134172800,NaN,0.000244,NaN
1134259200,NaN,0.000246,NaN
1134345600,NaN,0.000248,NaN
1134432000,0.000254,0.000250,0.000004
1134518400,NaN,0.000252,NaN
1134604800,0.000316,0.000254,0.000062
1134691200,NaN,0.000253,NaN
1134777600,NaN,0.000253,NaN
1134864000,NaN,0.000252,NaN
1134950400,0.000238,0.000252,-0.000014
1135036800,NaN,0.000251,NaN
1135123200,NaN,0.000251,NaN
1135209600,NaN,0.000250,NaN
1135296000,0.000570,0.000250,0.000320
1135382400,NaN,0.000249,NaN
1135468800,0.000272,0.000249,0.000023
1135555200,0.000304,0.000248,0.000056
1135641600,NaN,0.000248,NaN
1135728000,0.000327,0.000247,0.000080
1135900800,NaN,0.000246,NaN
1135987200,0.000186,0.000246,-0.000060
1136073600,NaN,0.000245,NaN
1136160000,0.000322,0.000245,0.000077
1136246400,0.000392,0.000244,0.000148
1136332800,0.000198,0.000244,-0.000046
1136419200,0.000208,0.000243,-0.000035
1136505600,0.000212,0.000243,-0.000031
1136592000,0.000242,0.000242,-0.000000
1136678400,NaN,0.000242,NaN
1136764800,0.000250,0.000242,0.000008
1136851200,NaN,0.000241,NaN
1136937600,0.000240,0.000241,-0.000001
1137024000,NaN,0.000240,NaN
1137110400,0.000342,0.000240,0.000102
1137196800,0.000320,0.000239,0.000081
1137283200,0.000276,0.000239,0.000037
1137369600,NaN,0.000238,NaN
1137456000,NaN,0.000238,NaN
1137542400,0.000236,0.000237,-0.000001
1137628800,NaN,0.000237,NaN
1137715200,NaN,0.000236,NaN
1137801600,NaN,0.000236,NaN
1137888000,NaN,0.000235,NaN
1137974400,NaN,0.000235,NaN
1138060800,NaN,0.000234,NaN
1138147200,0.000202,0.000234,-0.000032
1138233600,NaN,0.000233,NaN
1138320000,0.000254,0.000233,0.000021
1138406400,NaN,0.000232,NaN
1138492800,NaN,0.000232,NaN
1138579200,NaN,0.000231,NaN
1138665600,0.000228,0.000231,-0.000003
1138752000,NaN,0.000230,NaN
1138838400,0.000154,0.000230,-0.000076
1138924800,0.000166,0.000229,-0.000063
1139011200,0.000212,0.000229,-0.000017
1139097600,0.000214,0.000228,-0.000014
1139184000,NaN,0.000228,NaN
1139270400,0.000202,0.000227,-0.000025
1139356800,0.000184,0.000227,-0.000043
1139443200,0.000120,0.000227,-0.000107
1139529600,NaN,0.000226,NaN
1139616000,0.000324,0.000226,0.000098
1139702400,NaN,0.000225,NaN
1139788800,0.000330,0.000225,0.000105
1139875200,NaN,0.000224,NaN
1139961600,NaN,0.000224,NaN
1140048000,NaN,0.000223,NaN
1140134400,NaN,0.000223,NaN
1140220800,NaN,0.000222,NaN
1140307200,NaN,0.000222,NaN
1140393600,NaN,0.000221,NaN
1140480000,NaN,0.000221,NaN
1140566400,NaN,0.000220,NaN
1140652800,NaN,0.000220,NaN
1140739200,0.000142,0.000219,-0.000077
1140825600,0.000442,0.000219,0.000223
1140912000,NaN,0.000218,NaN
1140998400,0.000094,0.000218,-0.000124
1141084800,NaN,0.000218,NaN
1141171200,0.000140,0.000217,-0.000077
1141257600,0.000180,0.000217,-0.000037
1141344000,0.000333,0.000216,0.000117
1141430400,0.000242,0.000216,0.000026
1141516800,0.000188,0.000215,-0.000027
1141603200,NaN,0.000215,NaN
1141689600,0.000242,0.000214,0.000028
1141776000,NaN,0.000214,NaN
1141862400,NaN,0.000213,NaN
1141948800,NaN,0.000213,NaN
1142035200,NaN,0.000212,NaN
1142121600,NaN,0.000212,NaN
1142208000,NaN,0.000211,NaN
1142294400,0.000285,0.000211,0.000074
1142380800,NaN,0.000211,NaN
1142467200,NaN,0.000209,NaN
1142553600,NaN,0.000208,NaN
1142640000,NaN,0.000206,NaN
1142726400,NaN,0.000205,NaN
1142812800,NaN,0.000203,NaN
1142899200,NaN,0.000202,NaN
1142985600,NaN,0.000201,NaN
1143072000,NaN,0.000199,NaN
1143158400,NaN,0.000198,NaN
1143244800,NaN,0.000196,NaN
1143331200,NaN,0.000195,NaN
1143417600,NaN,0.000193,NaN
1143504000,0.000166,0.000192,-0.000026
1143590400,NaN,0.000191,NaN
1143676800,0.000198,0.000189,0.000009
1143763200,NaN,0.000188,NaN
1143849600,NaN,0.000186,NaN
1143936000,NaN,0.000185,NaN
1144022400,NaN,0.000183,NaN
1144108800,NaN,0.000182,NaN
1144195200,NaN,0.000180,NaN
1144281600,0.000204,0.000179,0.000025
1144368000,NaN,0.000178,NaN
1144454400,NaN,0.000176,NaN
1144540800,NaN,0.000175,NaN
1144627200,NaN,0.000173,NaN
1144713600,NaN,0.000172,NaN
1144800000,0.000178,0.000170,0.000008
1144886400,NaN,0.000169,NaN
1144972800,NaN,0.000168,NaN
1145059200,0.000260,0.000166,0.000094
1145145600,0.000256,0.000167,0.000089
1145232000,NaN,0.000168,NaN
1145318400,0.000126,0.000168,-0.000042
1145404800,NaN,0.000169,NaN
1145491200,NaN,0.000170,NaN
1145577600,NaN,0.000171,NaN
1145664000,0.000166,0.000171,-0.000005
1145750400,NaN,0.000172,NaN
1145836800,NaN,0.000173,NaN
1145923200,NaN,0.000173,NaN
1146009600,NaN,0.000174,NaN
1146096000,NaN,0.000175,NaN
1146182400,NaN,0.000176,NaN
1146268800,NaN,0.000176,NaN
1146355200,NaN,0.000177,NaN
1146441600,0.000356,0.000178,0.000178
1146528000,NaN,0.000178,NaN
1146614400,NaN,0.000179,NaN
1146700800,NaN,0.000180,NaN
1146787200,NaN,0.000181,NaN
1146873600,NaN,0.000181,NaN
1146960000,NaN,0.000182,NaN
1147046400,NaN,0.000183,NaN
1147132800,NaN,0.000183,NaN
1147219200,NaN,0.000184,NaN
1147305600,0.000156,0.000185,-0.000029
1147392000,NaN,0.000186,NaN
1147478400,0.000108,0.000186,-0.000078
1147564800,NaN,0.000187,NaN
1147651200,NaN,0.000188,NaN
1147737600,NaN,0.000189,NaN
1147824000,0.000232,0.000189,0.000043
1147910400,0.000072,0.000190,-0.000118
1147996800,NaN,0.000191,NaN
1148083200,0.000044,0.000192,-0.000148
1148169600,NaN,0.000192,NaN
1148256000,NaN,0.000193,NaN
1148342400,NaN,0.000194,NaN
1148428800,NaN,0.000195,NaN
1148515200,NaN,0.000196,NaN
1148601600,NaN,0.000196,NaN
1148688000,NaN,0.000197,NaN
1148774400,NaN,0.000198,NaN
1148860800,NaN,0.000199,NaN
1148947200,NaN,0.000199,NaN
1149033600,NaN,0.000200,NaN
1149120000,NaN,0.000201,NaN
1149206400,NaN,0.000202,NaN
1149292800,NaN,0.000203,NaN
1149379200,NaN,0.000203,NaN
1149465600,0.000060,0.000204,-0.000144
1149552000,NaN,0.000205,NaN
1149638400,0.000229,0.000206,0.000023
1149724800,NaN,0.000206,NaN
1149811200,0.000288,0.000207,0.000081
1149897600,NaN,0.000208,NaN
1149984000,NaN,0.000209,NaN
1150070400,0.000214,0.000210,0.000004
1150156800,NaN,0.000210,NaN
1150243200,NaN,0.000211,NaN
1150329600,NaN,0.000212,NaN
1150416000,NaN,0.000212,NaN
1150502400,NaN,0.000212,NaN
1150588800,NaN,0.000212,NaN
1150675200,NaN,0.000212,NaN
1150761600,NaN,0.000212,NaN
1150848000,NaN,0.000212,NaN
1150934400,NaN,0.000212,NaN
1151020800,NaN,0.000212,NaN
1151107200,NaN,0.000212,NaN
1151193600,NaN,0.000213,NaN
1151280000,NaN,0.000213,NaN
1151366400,NaN,0.000213,NaN
1151452800,NaN,0.000213,NaN
1151539200,NaN,0.000213,NaN
1151625600,NaN,0.000213,NaN
1151712000,NaN,0.000213,NaN
1151798400,NaN,0.000213,NaN
1151884800,NaN,0.000213,NaN
1151971200,NaN,0.000213,NaN
1152057600,NaN,0.000213,NaN
1152144000,NaN,0.000213,NaN
1152230400,NaN,0.000213,NaN
1152316800,NaN,0.000214,NaN
1152403200,0.000088,0.000214,-0.000126
1152489600,NaN,0.000214,NaN
1152576000,NaN,0.000214,NaN
1152662400,NaN,0.000214,NaN
1152748800,NaN,0.000214,NaN
1152835200,NaN,0.000214,NaN
1152921600,NaN,0.000214,NaN
1153008000,0.000164,0.000214,-0.000050
1153094400,NaN,0.000215,NaN
1153180800,NaN,0.000215,NaN
1153267200,0.000146,0.000215,-0.000069
1153353600,0.000268,0.000215,0.000053
1153440000,NaN,0.000216,NaN
1153526400,NaN,0.000216,NaN
1153612800,NaN,0.000216,NaN
1153699200,NaN,0.000217,NaN
1153785600,NaN,0.000217,NaN
1153872000,NaN,0.000217,NaN
1153958400,NaN,0.000217,NaN
1154044800,NaN,0.000218,NaN
1154131200,NaN,0.000218,NaN
1154217600,NaN,0.000218,NaN
1154304000,NaN,0.000219,NaN
1154390400,NaN,0.000219,NaN
1154476800,NaN,0.000219,NaN
1154563200,NaN,0.000220,NaN
1154649600,NaN,0.000220,NaN
1154736000,NaN,0.000220,NaN
1154822400,NaN,0.000220,NaN
1154908800,NaN,0.000221,NaN
1154995200,NaN,0.000221,NaN
1155081600,NaN,0.000221,NaN
1155168000,NaN,0.000222,NaN
1155254400,0.000220,0.000222,-0.000002
1155340800,0.000186,0.000222,-0.000036
1155427200,NaN,0.000222,NaN
1155513600,0.000148,0.000223,-0.000075
1155600000,NaN,0.000223,NaN
1155686400,NaN,0.000223,NaN
1155772800,NaN,0.000223,NaN
1155859200,NaN,0.000223,NaN
1155945600,0.000136,0.000223,-0.000087
1156032000,0.000096,0.000223,-0.000127
1156118400,NaN,0.000222,NaN
1156204800,NaN,0.000222,NaN
1156291200,NaN,0.000222,NaN
1156377600,NaN,0.000222,NaN
1156464000,NaN,0.000222,NaN
1156550400,NaN,0.000222,NaN
1156636800,NaN,0.000222,NaN
1156723200,0.000202,0.000222,-0.000020
1156809600,NaN,0.000222,NaN
1156896000,NaN,0.000222,NaN
1156982400,0.000120,0.000221,-0.000101
1157068800,NaN,0.000221,NaN
1157155200,NaN,0.000221,NaN
1157241600,0.000124,0.000221,-0.000097
1157328000,0.000190,0.000221,-0.000031
1157414400,NaN,0.000221,NaN
1157500800,NaN,0.000221,NaN
1157587200,NaN,0.000221,NaN
1157673600,NaN,0.000221,NaN
1157760000,NaN,0.000221,NaN
1157846400,NaN,0.000221,NaN
1157932800,0.000110,0.000220,-0.000110
1158019200,NaN,0.000220,NaN
1158105600,NaN,0.000220,NaN
1158192000,0.000345,0.000220,0.000125
1158278400,0.000211,0.000220,-0.000009
1158364800,NaN,0.000219,NaN
1158451200,NaN,0.000218,NaN
1158537600,NaN,0.000218,NaN
1158624000,NaN,0.000217,NaN
1158710400,0.000156,0.000216,-0.000060
1158796800,NaN,0.000215,NaN
1158883200,0.000277,0.000214,0.000063
1158969600,NaN,0.000214,NaN
1159056000,NaN,0.000213,NaN
1159142400,NaN,0.000212,NaN
1159228800,NaN,0.000211,NaN
1159315200,0.000154,0.000210,-0.000056
1159401600,0.000152,0.000209,-0.000057
1159488000,0.000106,0.000209,-0.000103
1159574400,0.000284,0.000208,0.000076
1159660800,NaN,0.000207,NaN
1159747200,NaN,0.000206,NaN
1159833600,NaN,0.000205,NaN
1159920000,NaN,0.000204,NaN
1160006400,NaN,0.000204,NaN
1160092800,NaN,0.000203,NaN
1160179200,NaN,0.000202,NaN
1160265600,NaN,0.000201,NaN
1160352000,NaN,0.000200,NaN
1160438400,NaN,0.000200,NaN
1160524800,NaN,0.000199,NaN
1160611200,NaN,0.000198,NaN
1160697600,NaN,0.000197,NaN
1160784000,NaN,0.000196,NaN
1160870400,NaN,0.000195,NaN
1160956800,NaN,0.000196,NaN
1161043200,NaN,0.000196,NaN
1161129600,NaN,0.000196,NaN
1161216000,NaN,0.000196,NaN
1161302400,NaN,0.000196,NaN
1161388800,0.000252,0.000196,0.000056
1161475200,NaN,0.000196,NaN
1161561600,0.000190,0.000196,-0.000006
1161648000,0.000146,0.000196,-0.000050
1161734400,NaN,0.000196,NaN
1161820800,0.000208,0.000197,0.000011
1161907200,NaN,0.000197,NaN
1161993600,0.000180,0.000197,-0.000017
1162080000,0.000202,0.000197,0.000005
1162166400,0.000093,0.000197,-0.000104
1162252800,0.000116,0.000197,-0.000081
1162339200,NaN,0.000197,NaN
1162425600,NaN,0.000197,NaN
1162512000,NaN,0.000197,NaN
1162598400,0.000256,0.000198,0.000058
1162684800,NaN,0.000198,NaN
1162771200,0.000176,0.000198,-0.000022
1162857600,0.000204,0.000198,0.000006
1162944000,0.000260,0.000198,0.000062
1163030400,0.000196,0.000198,-0.000002
1163116800,NaN,0.000198,NaN
1163203200,NaN,0.000198,NaN
1163289600,NaN,0.000198,NaN
1163376000,NaN,0.000198,NaN
1163462400,NaN,0.000199,NaN
1163548800,NaN,0.000199,NaN
1163635200,0.000212,0.000200,0.000012
1163721600,NaN,0.000202,NaN
1163808000,NaN,0.000204,NaN
1163894400,0.000194,0.000206,-0.000012
1163980800,0.000252,0.000208,0.000044
1164067200,0.000304,0.000210,0.000094
1164153600,0.000156,0.000211,-0.000055
1164240000,0.000248,0.000213,0.000035
1164326400,0.000684,0.000215,0.000469
1164412800,0.000272,0.000217,0.000055
1164499200,NaN,0.000219,NaN
1164585600,0.000308,0.000221,0.000087
1164672000,NaN,0.000222,NaN
1164758400,NaN,0.000224,NaN
1164844800,NaN,0.000226,NaN
1164931200,NaN,0.000228,NaN
1165017600,0.000234,0.000230,0.000004
1165104000,0.000066,0.000232,-0.000166
1165190400,0.000246,0.000233,0.000013
1165276800,NaN,0.000235,NaN
1165363200,NaN,0.000237,NaN
1165449600,NaN,0.000239,NaN
1165536000,NaN,0.000241,NaN
1165622400,NaN,0.000243,NaN
1165708800,NaN,0.000244,NaN
1165795200,NaN,0.000246,NaN
1165881600,NaN,0.000248,NaN
1165968000,0.000250,0.000250,0.000000
1166054400,NaN,0.000252,NaN
1166140800,NaN,0.000254,NaN
1166227200,NaN,0.000253,NaN
1166313600,0.000672,0.000253,0.000419
1166400000,NaN,0.000252,NaN
1166486400,NaN,0.000252,NaN
1166572800,NaN,0.000251,NaN
1166659200,NaN,0.000251,NaN
1166745600,NaN,0.000250,NaN
1166832000,0.000134,0.000250,-0.000116
1166918400,NaN,0.000249,NaN
1167004800,NaN,0.000249,NaN
1167091200,0.000160,0.000248,-0.000088
1167177600,NaN,0.000248,NaN
1167264000,NaN,0.000247,NaN
1167350400,NaN,0.000247,NaN
1167436800,NaN,0.000246,NaN
1167523200,NaN,0.000246,NaN
1167609600,NaN,0.000245,NaN
1167696000,NaN,0.000245,NaN
1167782400,NaN,0.000244,NaN
1167868800,NaN,0.000244,NaN
1167955200,0.000188,0.000243,-0.000055
1168041600,NaN,0.000243,NaN
1168128000,NaN,0.000242,NaN
1168214400,NaN,0.000242,NaN
1168300800,NaN,0.000242,NaN
1168387200,NaN,0.000241,NaN
1168473600,NaN,0.000241,NaN
1168560000,NaN,0.000240,NaN
1168646400,NaN,0.000240,NaN
1168732800,NaN,0.000239,NaN
1168819200,NaN,0.000239,NaN
1168905600,NaN,0.000238,NaN
1168992000,NaN,0.000238,NaN
1169078400,NaN,0.000237,NaN
1169164800,NaN,0.000237,NaN
1169251200,NaN,0.000236,NaN
1169337600,NaN,0.000236,NaN
1169424000,NaN,0.000235,NaN
1169510400,NaN,0.000235,NaN
1169596800,NaN,0.000234,NaN
1169683200,0.000202,0.000234,-0.000032
1169769600,NaN,0.000233,NaN
1169856000,NaN,0.000233,NaN
1169942400,NaN,0.000232,NaN
1170028800,NaN,0.000232,NaN
1170115200,NaN,0.000231,NaN
1170201600,NaN,0.000231,NaN
1170288000,NaN,0.000230,NaN
1170374400,NaN,0.000230,NaN
1170460800,NaN,0.000229,NaN
1170547200,NaN,0.000229,NaN
1170633600,NaN,0.000228,NaN
1170720000,NaN,0.000228,NaN
1170806400,0.000186,0.000227,-0.000041
1170892800,0.000212,0.000227,-0.000015
1170979200,NaN,0.000227,NaN
1171065600,NaN,0.000226,NaN
1171152000,NaN,0.000226,NaN
1171238400,NaN,0.000225,NaN
1171324800,NaN,0.000225,NaN
1171411200,NaN,0.000224,NaN
1171497600,NaN,0.000224,NaN
1171584000,NaN,0.000223,NaN
1171670400,NaN,0.000223,NaN
1171756800,0.000258,0.000222,0.000036
1171843200,NaN,0.000222,NaN
1171929600,NaN,0.000221,NaN
1172016000,NaN,0.000221,NaN
1172102400,NaN,0.000220,NaN
1172188800,NaN,0.000220,NaN
1172275200,NaN,0.000219,NaN
1172361600,NaN,0.000219,NaN
1172448000,NaN,0.000218,NaN
1172534400,0.000190,0.000218,-0.000028
1172620800,NaN,0.000218,NaN
1172707200,NaN,0.000217,NaN
1172793600,NaN,0.000217,NaN
1172880000,NaN,0.000216,NaN
1172966400,0.000258,0.000216,0.000042
1173052800,0.000188,0.000215,-0.000027
1173139200,0.000420,0.000215,0.000205
1173225600,NaN,0.000214,NaN
1173312000,0.000222,0.000214,0.000008
1173398400,0.000162,0.000213,-0.000051
1173484800,0.000214,0.000213,0.000001
1173571200,NaN,0.000212,NaN
1173657600,NaN,0.000212,NaN
1173744000,NaN,0.000211,NaN
1173830400,NaN,0.000211,NaN
1173916800,0.000152,0.000211,-0.000059
1174003200,0.000302,0.000209,0.000093
1174089600,0.000214,0.000208,0.000006
1174176000,NaN,0.000206,NaN
1174262400,NaN,0.000205,NaN
1174348800,NaN,0.000203,NaN
1174435200,NaN,0.000202,NaN
1174521600,0.000208,0.000201,0.000007
1174608000,NaN,0.000199,NaN
1174694400,NaN,0.000198,NaN
1174780800,NaN,0.000196,NaN
1174867200,NaN,0.000195,NaN
1174953600,NaN,0.000193,NaN
1175040000,NaN,0.000192,NaN
1175126400,NaN,0.000191,NaN
1175212800,NaN,0.000189,NaN
1175299200,NaN,0.000188,NaN
1175385600,NaN,0.000186,NaN
1175472000,NaN,0.000185,NaN
1175558400,NaN,0.000183,NaN
1175644800,NaN,0.000182,NaN
1175731200,0.000126,0.000180,-0.000054
1175817600,NaN,0.000179,NaN
1175904000,NaN,0.000178,NaN
1175990400,NaN,0.000176,NaN
1176076800,NaN,0.000175,NaN
1176163200,NaN,0.000173,NaN
1176249600,NaN,0.000172,NaN
1176336000,0.000134,0.000170,-0.000036
1176422400,NaN,0.000169,NaN
1176508800,NaN,0.000168,NaN
1176595200,NaN,0.000166,NaN
1176681600,0.000184,0.000167,0.000017
1176768000,NaN,0.000168,NaN
1176854400,0.000204,0.000168,0.000036
1176940800,NaN,0.000169,NaN
1177027200,NaN,0.000170,NaN
1177113600,0.000048,0.000171,-0.000123
1177200000,NaN,0.000171,NaN
1177286400,NaN,0.000172,NaN
1177372800,NaN,0.000173,NaN
1177459200,NaN,0.000173,NaN
1177545600,0.000142,0.000174,-0.000032
1177632000,NaN,0.000175,NaN
1177718400,NaN,0.000176,NaN
1177804800,NaN,0.000176,NaN
1177891200,0.000056,0.000177,-0.000121
1177977600,NaN,0.000178,NaN
1178064000,0.000174,0.000178,-0.000004
1178150400,NaN,0.000179,NaN
1178236800,NaN,0.000180,NaN
1178323200,NaN,0.000181,NaN
1178409600,NaN,0.000181,NaN
1178496000,0.000092,0.000182,-0.000090
1178582400,NaN,0.000183,NaN
1178668800,0.000116,0.000183,-0.000067
1178755200,NaN,0.000184,NaN
1178841600,NaN,0.000185,NaN
1178928000,NaN,0.000186,NaN
1179014400,NaN,0.000186,NaN
1179100800,NaN,0.000187,NaN
1179187200,NaN,0.000188,NaN
1179273600,NaN,0.000189,NaN
1179360000,NaN,0.000189,NaN
1179446400,0.000180,0.000190,-0.000010
1179532800,0.000256,0.000191,0.000065
1179619200,NaN,0.000192,NaN
1179705600,NaN,0.000192,NaN
1179792000,NaN,0.000193,NaN
1179878400,NaN,0.000194,NaN
1179964800,NaN,0.000195,NaN
1180051200,0.000236,0.000196,0.000040
1180137600,NaN,0.000196,NaN
1180224000,0.000286,0.000197,0.000089
1180310400,NaN,0.000198,NaN
1180396800,NaN,0.000199,NaN
1180483200,NaN,0.000199,NaN
1180569600,NaN,0.000200,NaN
1180656000,0.000154,0.000201,-0.000047
1180742400,NaN,0.000202,NaN
1180828800,NaN,0.000203,NaN
1180915200,NaN,0.000203,NaN
1181001600,NaN,0.000204,NaN
1181088000,NaN,0.000205,NaN
1181174400,NaN,0.000206,NaN
1181260800,NaN,0.000206,NaN
1181347200,NaN,0.000207,NaN
1181433600,NaN,0.000208,NaN
1181520000,NaN,0.000209,NaN
1181606400,NaN,0.000210,NaN
1181692800,NaN,0.000210,NaN
1181779200,NaN,0.000211,NaN
1181865600,NaN,0.000212,NaN
1181952000,NaN,0.000212,NaN
1182038400,NaN,0.000212,NaN
1182124800,NaN,0.000212,NaN
1182211200,NaN,0.000212,NaN
1182297600,NaN,0.000212,NaN
1182384000,NaN,0.000212,NaN
1182470400,NaN,0.000212,NaN
1182556800,NaN,0.000212,NaN
1182643200,NaN,0.000212,NaN
1182729600,NaN,0.000213,NaN
1182816000,NaN,0.000213,NaN
1182902400,NaN,0.000213,NaN
1182988800,0.000222,0.000213,0.000009
1183075200,0.000242,0.000213,0.000029
1183161600,NaN,0.000213,NaN
1183248000,NaN,0.000213,NaN
1183334400,NaN,0.000213,NaN
1183420800,NaN,0.000213,NaN
1183507200,NaN,0.000213,NaN
1183593600,NaN,0.000213,NaN
1183680000,NaN,0.000213,NaN
1183766400,0.000262,0.000213,0.000049
1183852800,0.000240,0.000214,0.000026
1183939200,NaN,0.000214,NaN
1184025600,NaN,0.000214,NaN
1184112000,NaN,0.000214,NaN
1184198400,0.000134,0.000214,-0.000080
1184284800,NaN,0.000214,NaN
1184371200,NaN,0.000214,NaN
1184457600,NaN,0.000214,NaN
1184544000,NaN,0.000214,NaN
1184630400,NaN,0.000215,NaN
1184716800,NaN,0.000215,NaN
1184803200,NaN,0.000215,NaN
1184889600,NaN,0.000215,NaN
1184976000,NaN,0.000216,NaN
1185062400,0.000308,0.000216,0.000092
1185148800,0.000214,0.000216,-0.000002
1185235200,NaN,0.000217,NaN
1185321600,NaN,0.000217,NaN
1185408000,NaN,0.000217,NaN
1185494400,NaN,0.000217,NaN
1185580800,NaN,0.000218,NaN
1185667200,NaN,0.000218,NaN
1185753600,0.000252,0.000218,0.000034
1185840000,NaN,0.000219,NaN
1185926400,NaN,0.000219,NaN
1186012800,NaN,0.000219,NaN
1186099200,NaN,0.000220,NaN
1186185600,0.000320,0.000220,0.000100
1186272000,0.000222,0.000220,0.000002
1186358400,0.000198,0.000220,-0.000022
1186444800,0.000246,0.000221,0.000025
1186531200,0.000284,0.000221,0.000063
1186617600,NaN,0.000221,NaN
1186704000,NaN,0.000222,NaN
1186790400,NaN,0.000222,NaN
1186876800,NaN,0.000222,NaN
1186963200,NaN,0.000222,NaN
1187049600,NaN,0.000223,NaN
1187136000,NaN,0.000223,NaN
1187222400,NaN,0.000223,NaN
1187308800,NaN,0.000223,NaN
1187395200,NaN,0.000223,NaN
1187481600,NaN,0.000223,NaN
1187568000,0.000114,0.000223,-0.000109
1187654400,NaN,0.000222,NaN
1187740800,0.000220,0.000222,-0.000002
1187827200,NaN,0.000222,NaN
1187913600,NaN,0.000222,NaN
1188000000,NaN,0.000222,NaN
1188086400,NaN,0.000222,NaN
1188172800,NaN,0.000222,NaN
1188259200,NaN,0.000222,NaN
1188345600,NaN,0.000222,NaN
1188432000,0.000364,0.000222,0.000142
1188518400,NaN,0.000221,NaN
1188604800,NaN,0.000221,NaN
1188691200,NaN,0.000221,NaN
1188777600,NaN,0.000221,NaN
1188864000,NaN,0.000221,NaN
1188950400,NaN,0.000221,NaN
1189036800,NaN,0.000221,NaN
1189123200,NaN,0.000221,NaN
1189209600,NaN,0.000221,NaN
1189296000,0.000223,0.000221,0.000002
1189382400,0.000168,0.000221,-0.000053
1189468800,NaN,0.000220,NaN
1189555200,NaN,0.000220,NaN
1189641600,NaN,0.000220,NaN
1189728000,NaN,0.000220,NaN
1189814400,NaN,0.000220,NaN
1189900800,0.000248,0.000219,0.000029
1189987200,NaN,0.000218,NaN
1190073600,0.000176,0.000218,-0.000042
1190160000,NaN,0.000217,NaN
1190246400,NaN,0.000216,NaN
1190332800,0.000104,0.000215,-0.000111
1190419200,0.000356,0.000214,0.000142
1190505600,0.000182,0.000214,-0.000032
1190592000,NaN,0.000213,NaN
1190678400,NaN,0.000212,NaN
1190764800,NaN,0.000211,NaN
1190851200,NaN,0.000210,NaN
1190937600,NaN,0.000209,NaN
1191024000,NaN,0.000209,NaN
1191110400,NaN,0.000208,NaN
1191196800,0.000195,0.000207,-0.000012
1191283200,NaN,0.000206,NaN
1191369600,0.000068,0.000205,-0.000137
1191456000,NaN,0.000204,NaN
1191542400,NaN,0.000204,NaN
1191628800,NaN,0.000203,NaN
1191715200,NaN,0.000202,NaN
1191801600,NaN,0.000201,NaN
1191888000,NaN,0.000200,NaN
1191974400,NaN,0.000200,NaN
1192060800,0.000174,0.000199,-0.000025
1192147200,0.000312,0.000198,0.000114
1192233600,0.000204,0.000197,0.000007
1192320000,0.000150,0.000196,-0.000046
1192406400,0.000266,0.000195,0.000071
1192492800,NaN,0.000196,NaN
1192579200,NaN,0.000196,NaN
1192665600,0.000214,0.000196,0.000018
1192752000,NaN,0.000196,NaN
1192838400,0.000192,0.000196,-0.000004
1192924800,NaN,0.000196,NaN
1193011200,NaN,0.000196,NaN
1193097600,NaN,0.000196,NaN
1193184000,0.000192,0.000196,-0.000004
1193270400,NaN,0.000196,NaN
1193356800,NaN,0.000197,NaN
1193443200,NaN,0.000197,NaN
1193529600,NaN,0.000197,NaN
1193616000,NaN,0.000197,NaN
1193702400,NaN,0.000197,NaN
1193788800,NaN,0.000197,NaN
1193875200,NaN,0.000197,NaN
1193961600,NaN,0.000197,NaN
1194048000,0.000200,0.000197,0.000003
1194134400,NaN,0.000198,NaN
1194220800,NaN,0.000198,NaN
1194307200,NaN,0.000198,NaN
1194393600,0.000241,0.000198,0.000043
1194480000,NaN,0.000198,NaN
1194566400,0.000088,0.000198,-0.000110
1194652800,0.000082,0.000198,-0.000116
1194739200,0.000056,0.000198,-0.000142
1194825600,NaN,0.000198,NaN
1194912000,0.000118,0.000198,-0.000080
1194998400,NaN,0.000199,NaN
1195084800,0.000222,0.000199,0.000023
1195171200,NaN,0.000200,NaN
1195257600,NaN,0.000202,NaN
1195344000,NaN,0.000204,NaN
1195430400,0.000118,0.000206,-0.000088
1195516800,NaN,0.000208,NaN
1195603200,NaN,0.000210,NaN
1195689600,NaN,0.000211,NaN
1195776000,NaN,0.000213,NaN
1195862400,NaN,0.000215,NaN
1195948800,NaN,0.000217,NaN
1196035200,NaN,0.000219,NaN
1196121600,NaN,0.000221,NaN
1196208000,0.000200,0.000222,-0.000022
1196294400,NaN,0.000224,NaN
1196380800,0.000232,0.000226,0.000006
1196467200,NaN,0.000228,NaN
1196640000,NaN,0.000232,NaN
1196726400,NaN,0.000233,NaN
1196812800,NaN,0.000235,NaN
1196899200,NaN,0.000237,NaN
1196985600,NaN,0.000239,NaN
1197072000,NaN,0.000241,NaN
1197158400,0.000342,0.000243,0.000099
1197244800,0.000204,0.000244,-0.000040
1197331200,NaN,0.000246,NaN
1197417600,0.000166,0.000248,-0.000082
1197504000,NaN,0.000250,NaN
1197590400,0.000188,0.000252,-0.000064
1197676800,NaN,0.000254,NaN
1197763200,NaN,0.000253,NaN
1197849600,NaN,0.000253,NaN
1197936000,NaN,0.000252,NaN
1198022400,NaN,0.000252,NaN
1198108800,NaN,0.000251,NaN
1198195200,0.000226,0.000251,-0.000025
1198281600,NaN,0.000250,NaN
1198368000,NaN,0.000250,NaN
1198454400,NaN,0.000249,NaN
1198540800,0.000176,0.000249,-0.000073
1198627200,NaN,0.000248,NaN
1198713600,NaN,0.000248,NaN
1198800000,NaN,0.000247,NaN
1198886400,NaN,0.000247,NaN
1198972800,NaN,0.000246,NaN
1199059200,NaN,0.000246,NaN
1199145600,0.000322,0.000245,0.000077
1199232000,0.000426,0.000245,0.000181
1199318400,NaN,0.000244,NaN
1199404800,NaN,0.000244,NaN
1199491200,NaN,0.000243,NaN
1199577600,0.000227,0.000243,-0.000016
1199664000,NaN,0.000242,NaN
1199750400,0.000210,0.000242,-0.000032
1199836800,NaN,0.000242,NaN
1199923200,NaN,0.000241,NaN
1200009600,0.000302,0.000241,0.000061
1200096000,0.000156,0.000240,-0.000084
1200182400,NaN,0.000240,NaN
1200268800,NaN,0.000239,NaN
1200355200,NaN,0.000239,NaN
1200441600,NaN,0.000238,NaN
1200528000,NaN,0.000238,NaN
1200614400,NaN,0.000237,NaN
1200700800,NaN,0.000237,NaN
1200787200,NaN,0.000236,NaN
1200873600,0.000338,0.000236,0.000102
1200960000,0.000214,0.000235,-0.000021
1201046400,NaN,0.000235,NaN
1201132800,NaN,0.000234,NaN
1201219200,NaN,0.000234,NaN
1201305600,NaN,0.000233,NaN
1201392000,0.000192,0.000233,-0.000041
1201478400,NaN,0.000232,NaN
1201564800,NaN,0.000232,NaN
1201651200,NaN,0.000231,NaN
1201737600,NaN,0.000231,NaN
1201824000,0.000044,0.000230,-0.000186
1201910400,NaN,0.000230,NaN
1201996800,NaN,0.000229,NaN
1202083200,0.000332,0.000229,0.000103
1202169600,NaN,0.000228,NaN
1202256000,NaN,0.000228,NaN
1202342400,0.000194,0.000227,-0.000033
1202428800,0.000106,0.000227,-0.000121
1202515200,0.000202,0.000227,-0.000025
1202601600,NaN,0.000226,NaN
1202688000,NaN,0.000226,NaN
1202774400,NaN,0.000225,NaN
1202860800,0.000206,0.000225,-0.000019
1202947200,NaN,0.000224,NaN
1203033600,NaN,0.000224,NaN
1203120000,NaN,0.000223,NaN
1203206400,NaN,0.000223,NaN
1203292800,0.000230,0.000222,0.000008
1203379200,NaN,0.000222,NaN
1203465600,NaN,0.000221,NaN
1203552000,NaN,0.000221,NaN
1203638400,NaN,0.000220,NaN
1203724800,0.000216,0.000220,-0.000004
1203811200,0.000186,0.000219,-0.000033
1203897600,0.000324,0.000219,0.000105
1203984000,0.000194,0.000218,-0.000024
1204070400,0.000220,0.000218,0.000002
1204156800,NaN,0.000218,NaN
1204243200,NaN,0.000217,NaN
1204329600,0.000140,0.000217,-0.000077
1204416000,NaN,0.000216,NaN
1204502400,NaN,0.000216,NaN
1204588800,0.000280,0.000215,0.000065
1204675200,NaN,0.000215,NaN
1204761600,NaN,0.000214,NaN
1204848000,NaN,0.000214,NaN
1204934400,0.000164,0.000213,-0.000049
1205020800,0.000194,0.000213,-0.000019
1205107200,NaN,0.000212,NaN
1205193600,NaN,0.000212,NaN
1205280000,0.000184,0.000211,-0.000027
1205366400,NaN,0.000211,NaN
1205452800,0.000310,0.000211,0.000099
1205539200,NaN,0.000209,NaN
1205625600,NaN,0.000208,NaN
1205712000,NaN,0.000206,NaN
1205798400,NaN,0.000205,NaN
1205884800,NaN,0.000203,NaN
1205971200,0.000134,0.000202,-0.000068
1206057600,NaN,0.000201,NaN
1206144000,NaN,0.000199,NaN
1206230400,NaN,0.000198,NaN
1206316800,0.000212,0.000196,0.000016
1206403200,0.000238,0.000195,0.000043
1206489600,0.000308,0.000193,0.000115
1206576000,0.000302,0.000192,0.000110
1206662400,NaN,0.000191,NaN
1206748800,NaN,0.000189,NaN
1206835200,NaN,0.000188,NaN
1206921600,0.000144,0.000186,-0.000042
1207008000,NaN,0.000185,NaN
1207094400,0.000154,0.000183,-0.000029
1207180800,NaN,0.000182,NaN
1207267200,NaN,0.000180,NaN
1207353600,NaN,0.000179,NaN
1207440000,NaN,0.000178,NaN
1207526400,NaN,0.000176,NaN
1207612800,NaN,0.000175,NaN
1207699200,NaN,0.000173,NaN
1207785600,NaN,0.000172,NaN
1207872000,NaN,0.000170,NaN
1207958400,NaN,0.000169,NaN
1208044800,NaN,0.000168,NaN
1208131200,0.000128,0.000166,-0.000038
1208217600,NaN,0.000167,NaN
1208304000,NaN,0.000168,NaN
1208390400,NaN,0.000168,NaN
1208476800,NaN,0.000169,NaN
1208563200,0.000132,0.000170,-0.000038
1208649600,0.000248,0.000171,0.000077
1208736000,NaN,0.000171,NaN
1208822400,NaN,0.000172,NaN
1208908800,NaN,0.000173,NaN
1208995200,NaN,0.000173,NaN
1209081600,0.000140,0.000174,-0.000034
1209168000,NaN,0.000175,NaN
1209254400,NaN,0.000176,NaN
1209340800,NaN,0.000176,NaN
1209427200,0.000287,0.000177,0.000110
1209513600,0.000172,0.000178,-0.000006
1209600000,NaN,0.000178,NaN
1209686400,NaN,0.000179,NaN
1209772800,NaN,0.000180,NaN
1209859200,0.000138,0.000181,-0.000043
1209945600,NaN,0.000181,NaN
1210032000,NaN,0.000182,NaN
1210118400,NaN,0.000183,NaN
1210204800,NaN,0.000183,NaN
1210291200,NaN,0.000184,NaN
1210377600,NaN,0.000185,NaN
1210464000,NaN,0.000186,NaN
1210550400,NaN,0.000186,NaN
1210636800,NaN,0.000187,NaN
1210723200,NaN,0.000188,NaN
1210809600,NaN,0.000189,NaN
1210896000,NaN,0.000189,NaN
1210982400,NaN,0.000190,NaN
1211068800,0.000122,0.000191,-0.000069
1211155200,NaN,0.000192,NaN
1211241600,0.000166,0.000192,-0.000026
1211328000,NaN,0.000193,NaN
1211414400,NaN,0.000194,NaN
1211500800,NaN,0.000195,NaN
1211587200,NaN,0.000196,NaN
1211673600,NaN,0.000196,NaN
1211760000,NaN,0.000197,NaN
1211846400,NaN,0.000198,NaN
1211932800,NaN,0.000199,NaN
1212019200,0.000154,0.000199,-0.000045
1212105600,0.000278,0.000200,0.000078
1212192000,NaN,0.000201,NaN
1212278400,NaN,0.000202,NaN
1212364800,NaN,0.000203,NaN
1212451200,NaN,0.000203,NaN
1212537600,NaN,0.000204,NaN
1212624000,NaN,0.000205,NaN
1212710400,NaN,0.000206,NaN
1212796800,0.000216,0.000206,0.000010
1212883200,NaN,0.000207,NaN
1212969600,NaN,0.000208,NaN
1213056000,NaN,0.000209,NaN
1213142400,NaN,0.000210,NaN
1213228800,0.000144,0.000210,-0.000066
1213315200,NaN,0.000211,NaN
1213401600,NaN,0.000212,NaN
1213488000,0.000384,0.000212,0.000172
1213574400,NaN,0.000212,NaN
1213660800,NaN,0.000212,NaN
1213747200,NaN,0.000212,NaN
1213833600,0.000060,0.000212,-0.000152
1213920000,0.000196,0.000212,-0.000016
1214006400,0.000170,0.000212,-0.000042
1214092800,NaN,0.000212,NaN
1214179200,NaN,0.000212,NaN
1214265600,NaN,0.000213,NaN
1214352000,NaN,0.000213,NaN
1214438400,0.000188,0.000213,-0.000025
1214524800,NaN,0.000213,NaN
1214611200,NaN,0.000213,NaN
1214697600,NaN,0.000213,NaN
1214784000,NaN,0.000213,NaN
1214870400,NaN,0.000213,NaN
1214956800,NaN,0.000213,NaN
1215043200,NaN,0.000213,NaN
1215129600,NaN,0.000213,NaN
1215216000,NaN,0.000213,NaN
1215302400,NaN,0.000213,NaN
1215388800,NaN,0.000214,NaN
1215475200,NaN,0.000214,NaN
1215561600,NaN,0.000214,NaN
1215648000,NaN,0.000214,NaN
1215734400,NaN,0.000214,NaN
1215820800,0.000136,0.000214,-0.000078
1215907200,NaN,0.000214,NaN
1215993600,NaN,0.000214,NaN
1216080000,NaN,0.000214,NaN
1216166400,NaN,0.000215,NaN
1216252800,NaN,0.000215,NaN
1216339200,NaN,0.000215,NaN
1216425600,NaN,0.000215,NaN
1216512000,NaN,0.000216,NaN
1216598400,NaN,0.000216,NaN
1216684800,NaN,0.000216,NaN
1216771200,NaN,0.000217,NaN
1216857600,NaN,0.000217,NaN
1216944000,NaN,0.000217,NaN
1217030400,NaN,0.000217,NaN
1217116800,NaN,0.000218,NaN
1217203200,NaN,0.000218,NaN
1217289600,NaN,0.000218,NaN
1217376000,NaN,0.000219,NaN
1217462400,0.000218,0.000219,-0.000001
1217548800,NaN,0.000219,NaN
1217635200,NaN,0.000220,NaN
1217721600,NaN,0.000220,NaN
1217808000,NaN,0.000220,NaN
1217894400,NaN,0.000220,NaN
1217980800,NaN,0.000221,NaN
1218067200,0.000212,0.000221,-0.000009
1218153600,NaN,0.000221,NaN
1218240000,0.000164,0.000222,-0.000058
1218326400,NaN,0.000222,NaN
1218412800,NaN,0.000222,NaN
1218499200,NaN,0.000222,NaN
1218585600,NaN,0.000223,NaN
1218672000,NaN,0.000223,NaN
1218758400,NaN,0.000223,NaN
1218844800,NaN,0.000223,NaN
1218931200,NaN,0.000223,NaN
1219017600,NaN,0.000223,NaN
1219104000,NaN,0.000223,NaN
1219190400,NaN,0.000222,NaN
1219276800,NaN,0.000222,NaN
1219363200,0.000098,0.000222,-0.000124
1219449600,NaN,0.000222,NaN
1219536000,0.000060,0.000222,-0.000162
1219622400,0.000282,0.000222,0.000060
1219708800,0.000190,0.000222,-0.000032
1219795200,NaN,0.000222,NaN
1219881600,NaN,0.000222,NaN
1219968000,NaN,0.000222,NaN
1220054400,NaN,0.000221,NaN
1220140800,NaN,0.000221,NaN
1220227200,NaN,0.000221,NaN
1220313600,NaN,0.000221,NaN
1220400000,NaN,0.000221,NaN
1220486400,NaN,0.000221,NaN
1220572800,0.000510,0.000221,0.000289
1220659200,NaN,0.000221,NaN
1220745600,NaN,0.000221,NaN
1220832000,NaN,0.000221,NaN
1220918400,0.000321,0.000221,0.000100
1221004800,NaN,0.000220,NaN
1221091200,NaN,0.000220,NaN
1221177600,NaN,0.000220,NaN
1221264000,NaN,0.000220,NaN
1221350400,NaN,0.000220,NaN
1221436800,NaN,0.000219,NaN
1221523200,NaN,0.000218,NaN
1221609600,NaN,0.000218,NaN
1221696000,NaN,0.000217,NaN
1221782400,NaN,0.000216,NaN
1221868800,NaN,0.000215,NaN
1221955200,0.000062,0.000214,-0.000152
1222041600,NaN,0.000214,NaN
1222128000,NaN,0.000213,NaN
1222214400,NaN,0.000212,NaN
1222300800,NaN,0.000211,NaN
1222387200,0.000020,0.000210,-0.000190
1222473600,0.000168,0.000209,-0.000041
1222560000,NaN,0.000209,NaN
1222646400,0.000210,0.000208,0.000002
1222732800,0.000326,0.000207,0.000119
1222819200,NaN,0.000206,NaN
1222905600,0.000226,0.000205,0.000021
1222992000,0.000148,0.000204,-0.000056
1223078400,0.000168,0.000204,-0.000036
1223164800,NaN,0.000203,NaN
1223251200,0.000210,0.000202,0.000008
1223337600,NaN,0.000201,NaN
1223424000,NaN,0.000200,NaN
1223510400,0.000112,0.000200,-0.000088
1223596800,0.000126,0.000199,-0.000073
1223683200,0.000224,0.000198,0.000026
1223769600,NaN,0.000197,NaN
1223856000,0.000228,0.000196,0.000032
1223942400,NaN,0.000195,NaN
1224028800,NaN,0.000196,NaN
1224115200,NaN,0.000196,NaN
1224201600,NaN,0.000196,NaN
1224288000,0.000192,0.000196,-0.000004
1224374400,NaN,0.000196,NaN
1224460800,NaN,0.000196,NaN
1224547200,NaN,0.000196,NaN
1224633600,NaN,0.000196,NaN
1224720000,NaN,0.000196,NaN
1224806400,0.000154,0.000196,-0.000042
1224892800,NaN,0.000197,NaN
1224979200,0.000096,0.000197,-0.000101
1225065600,0.000226,0.000197,0.000029
1225152000,0.000076,0.000197,-0.000121
1225238400,0.000178,0.000197,-0.000019
1225324800,0.000114,0.000197,-0.000083
1225411200,0.000205,0.000197,0.000008
1225497600,NaN,0.000197,NaN
1225584000,0.000149,0.000197,-0.000048
1225670400,NaN,0.000198,NaN
1225756800,NaN,0.000198,NaN
1225843200,NaN,0.000198,NaN
1225929600,0.000104,0.000198,-0.000094
1226016000,NaN,0.000198,NaN
1226102400,0.000320,0.000198,0.000122
1226188800,0.000154,0.000198,-0.000044
1226275200,NaN,0.000198,NaN
1226361600,0.000273,0.000198,0.000075
1226448000,NaN,0.000198,NaN
1226534400,NaN,0.000199,NaN
1226620800,0.000174,0.000199,-0.000025
1226707200,NaN,0.000200,NaN
1226793600,NaN,0.000202,NaN
1226880000,0.000300,0.000204,0.000096
1226966400,0.000216,0.000206,0.000010
1227052800,0.000156,0.000208,-0.000052
1227139200,0.000114,0.000210,-0.000096
1227225600,NaN,0.000211,NaN
1227312000,NaN,0.000213,NaN
1227398400,0.000169,0.000215,-0.000046
1227484800,NaN,0.000217,NaN
1227571200,0.000200,0.000219,-0.000019
1227657600,0.000236,0.000221,0.000015
1227744000,0.000164,0.000222,-0.000058
1227830400,NaN,0.000224,NaN
1227916800,NaN,0.000226,NaN
1228003200,0.000283,0.000228,0.000055
1228089600,NaN,0.000230,NaN
1228176000,0.000202,0.000232,-0.000030
1228262400,0.000171,0.000233,-0.000062
1228348800,NaN,0.000235,NaN
1228435200,NaN,0.000237,NaN
1228521600,NaN,0.000239,NaN
1228608000,0.000242,0.000241,0.000001
1228694400,NaN,0.000243,NaN
1228780800,NaN,0.000244,NaN
1228867200,NaN,0.000246,NaN
1228953600,NaN,0.000248,NaN
1229040000,0.000316,0.000250,0.000066
1229126400,NaN,0.000252,NaN
1229212800,NaN,0.000254,NaN
1229299200,NaN,0.000253,NaN
1229385600,0.000216,0.000253,-0.000037
1229472000,0.000025,0.000252,-0.000227
1229558400,0.000228,0.000252,-0.000024
1229644800,NaN,0.000251,NaN
1229731200,NaN,0.000251,NaN
1229817600,NaN,0.000250,NaN
1229904000,NaN,0.000250,NaN
1229990400,NaN,0.000249,NaN
1230076800,NaN,0.000249,NaN
1230163200,0.000246,0.000248,-0.000002
1230249600,NaN,0.000248,NaN
1230336000,0.000390,0.000247,0.000143
1230422400,NaN,0.000247,NaN
1230508800,NaN,0.000247,NaN
1230595200,0.000164,0.000246,-0.000082
1230681600,NaN,0.000246,NaN
1230768000,0.000176,0.000245,-0.000069
1230854400,NaN,0.000245,NaN
1230940800,NaN,0.000244,NaN
1231027200,NaN,0.000244,NaN
1231113600,0.000258,0.000243,0.000015
1231200000,NaN,0.000243,NaN
1231286400,0.000206,0.000242,-0.000036
1231372800,0.000222,0.000242,-0.000020
1231459200,NaN,0.000241,NaN
1231545600,NaN,0.000241,NaN
1231632000,NaN,0.000240,NaN
1231718400,NaN,0.000240,NaN
1231804800,0.000242,0.000240,0.000002
1231891200,0.000160,0.000239,-0.000079
1231977600,NaN,0.000239,NaN
1232064000,NaN,0.000238,NaN
1232150400,NaN,0.000238,NaN
1232236800,NaN,0.000237,NaN
1232323200,0.000210,0.000237,-0.000027
1232409600,NaN,0.000236,NaN
1232496000,0.000176,0.000236,-0.000060
1232582400,0.000260,0.000235,0.000025
1232668800,NaN,0.000235,NaN
1232755200,NaN,0.000234,NaN
1232841600,NaN,0.000234,NaN
1232928000,0.000228,0.000233,-0.000005
1233014400,0.000320,0.000233,0.000087
1233100800,NaN,0.000232,NaN
1233187200,NaN,0.000232,NaN
1233273600,0.000218,0.000231,-0.000013
1233360000,0.000218,0.000231,-0.000013
1233446400,NaN,0.000230,NaN
1233532800,NaN,0.000230,NaN
1233619200,0.000086,0.000229,-0.000143
1233705600,0.000204,0.000229,-0.000025
1233792000,0.000228,0.000228,-0.000000
1233878400,NaN,0.000228,NaN
1233964800,0.000223,0.000227,-0.000004
1234051200,NaN,0.000227,NaN
1234137600,NaN,0.000227,NaN
1234224000,NaN,0.000226,NaN
1234310400,NaN,0.000226,NaN
1234396800,0.000082,0.000225,-0.000143
1234483200,NaN,0.000225,NaN
1234569600,NaN,0.000224,NaN
1234656000,NaN,0.000224,NaN
1234742400,NaN,0.000223,NaN
1234828800,NaN,0.000223,NaN
1234915200,NaN,0.000222,NaN
1235001600,NaN,0.000222,NaN
1235088000,0.000190,0.000221,-0.000031
1235174400,NaN,0.000221,NaN
1235260800,0.000266,0.000220,0.000046
1235347200,NaN,0.000220,NaN
1235433600,0.000200,0.000219,-0.000019
1235520000,0.000200,0.000219,-0.000019
1235606400,NaN,0.000218,NaN
1235692800,NaN,0.000218,NaN
1235779200,NaN,0.000218,NaN
1235865600,NaN,0.000217,NaN
1235952000,0.000202,0.000217,-0.000015
1236038400,NaN,0.000216,NaN
1236124800,0.000122,0.000216,-0.000094
1236211200,0.000208,0.000215,-0.000007
1236297600,0.000216,0.000215,0.000001
1236384000,NaN,0.000214,NaN
1236470400,NaN,0.000214,NaN
1236556800,NaN,0.000213,NaN
1236643200,0.000202,0.000213,-0.000011
1236729600,0.000194,0.000212,-0.000018
1236816000,NaN,0.000212,NaN
1236902400,NaN,0.000211,NaN
1236988800,NaN,0.000211,NaN
1237075200,NaN,0.000211,NaN
1237161600,NaN,0.000209,NaN
1237248000,NaN,0.000208,NaN
1237334400,0.000144,0.000206,-0.000062
1237420800,NaN,0.000205,NaN
1237507200,0.000128,0.000203,-0.000075
1237593600,NaN,0.000202,NaN
1237680000,NaN,0.000201,NaN
1237766400,NaN,0.000199,NaN
1237852800,NaN,0.000198,NaN
1237939200,NaN,0.000196,NaN
1238025600,NaN,0.000195,NaN
1238112000,NaN,0.000193,NaN
1238198400,0.000276,0.000192,0.000084
1238284800,0.000178,0.000191,-0.000013
1238371200,NaN,0.000189,NaN
1238457600,NaN,0.000188,NaN
1238544000,NaN,0.000186,NaN
1238630400,NaN,0.000185,NaN
1238716800,NaN,0.000183,NaN
1238803200,NaN,0.000182,NaN
1238889600,0.000102,0.000180,-0.000078
1238976000,NaN,0.000179,NaN
1239062400,0.000174,0.000178,-0.000004
1239148800,0.000056,0.000176,-0.000120
1239235200,NaN,0.000175,NaN
1239321600,NaN,0.000173,NaN
1239408000,NaN,0.000172,NaN
1239494400,NaN,0.000170,NaN
1239580800,NaN,0.000169,NaN
1239667200,0.000184,0.000168,0.000016
1239753600,0.000086,0.000166,-0.000080
1239840000,NaN,0.000167,NaN
1239926400,NaN,0.000168,NaN
1240012800,NaN,0.000168,NaN
1240099200,NaN,0.000169,NaN
1240185600,NaN,0.000170,NaN
1240272000,0.000138,0.000171,-0.000033
1240358400,0.000194,0.000171,0.000023
1240444800,0.000178,0.000172,0.000006
1240531200,NaN,0.000173,NaN
1240617600,NaN,0.000173,NaN
1240704000,NaN,0.000174,NaN
1240790400,NaN,0.000175,NaN
1240876800,0.000120,0.000176,-0.000056
1240963200,NaN,0.000176,NaN
1241049600,0.000206,0.000177,0.000029
1241136000,NaN,0.000178,NaN
1241222400,NaN,0.000178,NaN
1241308800,NaN,0.000179,NaN
1241395200,NaN,0.000180,NaN
1241481600,NaN,0.000181,NaN
1241568000,NaN,0.000181,NaN
1241654400,NaN,0.000182,NaN
1241740800,0.000446,0.000183,0.000263
1241827200,NaN,0.000183,NaN
1241913600,NaN,0.000184,NaN
1242000000,NaN,0.000185,NaN
1242086400,NaN,0.000186,NaN
1242172800,NaN,0.000186,NaN
1242259200,NaN,0.000187,NaN
1242345600,NaN,0.000188,NaN
1242432000,NaN,0.000189,NaN
1242518400,NaN,0.000189,NaN
1242604800,NaN,0.000190,NaN
1242691200,NaN,0.000191,NaN
1242777600,NaN,0.000192,NaN
1242864000,NaN,0.000192,NaN
1242950400,NaN,0.000193,NaN
1243036800,0.000164,0.000194,-0.000030
1243123200,NaN,0.000195,NaN
1243209600,NaN,0.000196,NaN
1243296000,NaN,0.000196,NaN
1243382400,NaN,0.000197,NaN
1243468800,NaN,0.000198,NaN
1243555200,NaN,0.000199,NaN
1243641600,0.000174,0.000199,-0.000025
1243728000,NaN,0.000200,NaN
1243814400,0.000213,0.000201,0.000012
1243900800,NaN,0.000202,NaN
1243987200,NaN,0.000203,NaN
1244073600,NaN,0.000203,NaN
1244160000,NaN,0.000204,NaN
1244246400,0.000150,0.000205,-0.000055
1244332800,NaN,0.000206,NaN
1244419200,0.000162,0.000206,-0.000044
1244505600,NaN,0.000207,NaN
1244592000,NaN,0.000208,NaN
1244678400,NaN,0.000209,NaN
1244764800,NaN,0.000210,NaN
1244851200,NaN,0.000210,NaN
1244937600,NaN,0.000211,NaN
1245024000,NaN,0.000212,NaN
1245110400,NaN,0.000212,NaN
1245196800,NaN,0.000212,NaN
1245283200,0.000172,0.000212,-0.000040
1245369600,NaN,0.000212,NaN
1245456000,NaN,0.000212,NaN
1245542400,NaN,0.000212,NaN
1245628800,NaN,0.000212,NaN
1245715200,NaN,0.000212,NaN
1245801600,0.000166,0.000212,-0.000046
1245888000,NaN,0.000213,NaN
1245974400,NaN,0.000213,NaN
1246060800,NaN,0.000213,NaN
1246147200,NaN,0.000213,NaN
1246233600,0.000162,0.000213,-0.000051
1246320000,NaN,0.000213,NaN
1246406400,NaN,0.000213,NaN
1246492800,NaN,0.000213,NaN
1246579200,0.000240,0.000213,0.000027
1246665600,0.000254,0.000213,0.000041
1246752000,NaN,0.000213,NaN
1246838400,NaN,0.000213,NaN
1246924800,NaN,0.000213,NaN
1247011200,NaN,0.000214,NaN
1247097600,NaN,0.000214,NaN
1247184000,NaN,0.000214,NaN
1247270400,NaN,0.000214,NaN
1247356800,0.000246,0.000214,0.000032
1247443200,NaN,0.000214,NaN
1247529600,NaN,0.000214,NaN
1247616000,NaN,0.000214,NaN
1247702400,NaN,0.000214,NaN
1247788800,NaN,0.000215,NaN
1247875200,NaN,0.000215,NaN
1247961600,NaN,0.000215,NaN
1248048000,0.000268,0.000215,0.000053
1248134400,NaN,0.000216,NaN
1248220800,NaN,0.000216,NaN
1248307200,NaN,0.000216,NaN
1248393600,0.000214,0.000217,-0.000003
1248480000,0.000172,0.000217,-0.000045
1248566400,NaN,0.000217,NaN
1248652800,NaN,0.000217,NaN
1248739200,0.000336,0.000218,0.000118
1248825600,NaN,0.000218,NaN
1248912000,NaN,0.000218,NaN
1248998400,NaN,0.000219,NaN
1249084800,NaN,0.000219,NaN
1249171200,NaN,0.000219,NaN
1249257600,NaN,0.000220,NaN
1249344000,0.000194,0.000220,-0.000026
1249430400,0.000168,0.000220,-0.000052
1249516800,NaN,0.000220,NaN
1249603200,NaN,0.000221,NaN
1249689600,NaN,0.000221,NaN
1249776000,NaN,0.000221,NaN
1249862400,NaN,0.000222,NaN
1249948800,0.000196,0.000222,-0.000026
1250035200,NaN,0.000222,NaN
1250121600,0.000158,0.000222,-0.000064
1250208000,NaN,0.000223,NaN
1250294400,NaN,0.000223,NaN
1250380800,NaN,0.000223,NaN
1250467200,NaN,0.000223,NaN
1250553600,0.000262,0.000223,0.000039
1250640000,NaN,0.000223,NaN
1250726400,NaN,0.000223,NaN
1250812800,NaN,0.000222,NaN
1250899200,NaN,0.000222,NaN
1250985600,0.000102,0.000222,-0.000120
1251072000,NaN,0.000222,NaN
1251158400,NaN,0.000222,NaN
1251244800,0.000234,0.000222,0.000012
1251331200,0.000152,0.000222,-0.000070
1251417600,0.000255,0.000222,0.000033
1251504000,0.000208,0.000222,-0.000014
1251590400,NaN,0.000222,NaN
1251676800,NaN,0.000221,NaN
1251763200,NaN,0.000221,NaN
1251849600,NaN,0.000221,NaN
1251936000,NaN,0.000221,NaN
1252022400,NaN,0.000221,NaN
1252108800,NaN,0.000221,NaN
1252195200,NaN,0.000221,NaN
1252281600,0.000180,0.000221,-0.000041
1252368000,NaN,0.000221,NaN
1252454400,NaN,0.000221,NaN
1252540800,NaN,0.000221,NaN
1252627200,NaN,0.000220,NaN
1252713600,NaN,0.000220,NaN
1252800000,0.000259,0.000220,0.000039
1252886400,0.000192,0.000220,-0.000028
1252972800,NaN,0.000220,NaN
1253059200,NaN,0.000219,NaN
1253145600,NaN,0.000218,NaN
1253232000,NaN,0.000218,NaN
1253318400,NaN,0.000217,NaN
1253404800,NaN,0.000216,NaN
1253491200,NaN,0.000215,NaN
1253577600,NaN,0.000214,NaN
1253664000,NaN,0.000214,NaN
1253750400,NaN,0.000213,NaN
1253836800,NaN,0.000212,NaN
1253923200,NaN,0.000211,NaN
1254009600,0.000268,0.000210,0.000058
1254096000,0.000238,0.000209,0.000029
1254182400,NaN,0.000209,NaN
1254268800,0.000162,0.000208,-0.000046
1254355200,NaN,0.000207,NaN
1254441600,NaN,0.000206,NaN
1254528000,NaN,0.000205,NaN
1254614400,NaN,0.000204,NaN
1254700800,NaN,0.000204,NaN
1254787200,0.000250,0.000203,0.000047
1254873600,0.000250,0.000202,0.000048
1254960000,NaN,0.000201,NaN
1255046400,0.000262,0.000200,0.000062
1255132800,NaN,0.000200,NaN
1255219200,NaN,0.000199,NaN
1255305600,NaN,0.000198,NaN
1255392000,NaN,0.000197,NaN
1255478400,0.000148,0.000196,-0.000048
1255564800,NaN,0.000195,NaN
1255651200,NaN,0.000196,NaN
1255737600,NaN,0.000196,NaN
1255824000,NaN,0.000196,NaN
1255910400,NaN,0.000196,NaN
1255996800,NaN,0.000196,NaN
1256083200,NaN,0.000196,NaN
1256169600,NaN,0.000196,NaN
1256256000,0.000206,0.000196,0.000010
1256342400,NaN,0.000196,NaN
1256428800,NaN,0.000196,NaN
1256515200,NaN,0.000197,NaN
1256601600,NaN,0.000197,NaN
1256688000,NaN,0.000197,NaN
1256774400,NaN,0.000197,NaN
1256860800,NaN,0.000197,NaN
1256947200,0.000036,0.000197,-0.000161
1257033600,0.000208,0.000197,0.000011
1257120000,NaN,0.000197,NaN
1257206400,NaN,0.000197,NaN
1257292800,0.000024,0.000198,-0.000174
1257379200,NaN,0.000198,NaN
1257465600,NaN,0.000198,NaN
1257552000,NaN,0.000198,NaN
1257638400,NaN,0.000198,NaN
1257724800,NaN,0.000198,NaN
1257811200,NaN,0.000198,NaN
1257897600,0.000040,0.000198,-0.000158
1257984000,0.000204,0.000198,0.000006
1258070400,0.000388,0.000198,0.000190
1258156800,NaN,0.000199,NaN
1258243200,NaN,0.000199,NaN
1258329600,NaN,0.000200,NaN
1258416000,0.000248,0.000202,0.000046
1258502400,0.000028,0.000204,-0.000176
1258588800,NaN,0.000206,NaN
1258675200,NaN,0.000208,NaN
1258761600,NaN,0.000210,NaN
1258848000,NaN,0.000211,NaN
1258934400,NaN,0.000213,NaN
1259020800,NaN,0.000215,NaN
1259107200,NaN,0.000217,NaN
1259193600,NaN,0.000219,NaN
1259280000,NaN,0.000221,NaN
1259366400,0.000310,0.000222,0.000088
1259452800,NaN,0.000224,NaN
1259539200,NaN,0.000226,NaN
1259625600,NaN,0.000228,NaN
1259712000,NaN,0.000230,NaN
1259798400,NaN,0.000232,NaN
1259884800,NaN,0.000233,NaN
1259971200,NaN,0.000235,NaN
1260057600,NaN,0.000237,NaN
1260144000,NaN,0.000239,NaN
1260230400,NaN,0.000241,NaN
1260316800,NaN,0.000243,NaN
1260403200,NaN,0.000244,NaN
1260489600,NaN,0.000246,NaN
1260576000,NaN,0.000248,NaN
1260662400,NaN,0.000250,NaN
1260748800,NaN,0.000252,NaN
1260835200,NaN,0.000254,NaN
1260921600,NaN,0.000253,NaN
1261008000,NaN,0.000253,NaN
1261094400,NaN,0.000252,NaN
1261180800,0.000230,0.000252,-0.000022
1261267200,NaN,0.000251,NaN
1261353600,0.000230,0.000251,-0.000021
1261440000,NaN,0.000250,NaN
1261526400,NaN,0.000250,NaN
1261612800,NaN,0.000249,NaN
1261699200,NaN,0.000249,NaN
1261785600,NaN,0.000248,NaN
1261872000,NaN,0.000248,NaN
1261958400,0.000205,0.000247,-0.000042
1262044800,NaN,0.000247,NaN
1262131200,NaN,0.000246,NaN
1262217600,NaN,0.000246,NaN
1262304000,NaN,0.000245,NaN
1262390400,NaN,0.000245,NaN
1262476800,NaN,0.000244,NaN
1262563200,NaN,0.000244,NaN
1262649600,NaN,0.000243,NaN
1262736000,NaN,0.000243,NaN
1262822400,NaN,0.000242,NaN
1262908800,NaN,0.000242,NaN
1262995200,NaN,0.000242,NaN
1263081600,NaN,0.000241,NaN
1263168000,0.000284,0.000241,0.000043
1263254400,NaN,0.000240,NaN
1263340800,0.000252,0.000240,0.000012
1263427200,NaN,0.000239,NaN
1263513600,NaN,0.000239,NaN
1263600000,NaN,0.000238,NaN
1263686400,NaN,0.000238,NaN
1263772800,0.000252,0.000237,0.000015
1263859200,NaN,0.000237,NaN
1263945600,NaN,0.000236,NaN
1264032000,NaN,0.000236,NaN
1264118400,0.000224,0.000235,-0.000011
1264204800,NaN,0.000235,NaN
1264291200,0.000304,0.000234,0.000070
1264377600,0.000290,0.000234,0.000056
1264464000,0.000208,0.000233,-0.000025
1264550400,0.000202,0.000233,-0.000031
1264636800,NaN,0.000232,NaN
1264723200,NaN,0.000232,NaN
1264809600,NaN,0.000231,NaN
1264896000,NaN,0.000231,NaN
1264982400,NaN,0.000230,NaN
1265068800,NaN,0.000230,NaN
1265155200,NaN,0.000229,NaN
1265241600,NaN,0.000229,NaN
1265328000,NaN,0.000228,NaN
1265414400,NaN,0.000228,NaN
1265500800,NaN,0.000227,NaN
1265587200,NaN,0.000227,NaN
1265673600,NaN,0.000227,NaN
1265760000,NaN,0.000226,NaN
1265846400,NaN,0.000226,NaN
1265932800,NaN,0.000225,NaN
1266019200,NaN,0.000225,NaN
1266105600,NaN,0.000224,NaN
1266192000,0.000278,0.000224,0.000054
1266278400,0.000186,0.000223,-0.000037
1266364800,0.000186,0.000223,-0.000037
1266451200,NaN,0.000222,NaN
1266537600,NaN,0.000222,NaN
1266624000,NaN,0.000221,NaN
1266710400,NaN,0.000221,NaN
1266796800,NaN,0.000220,NaN
1266883200,NaN,0.000220,NaN
1266969600,NaN,0.000219,NaN
1267056000,NaN,0.000219,NaN
1267142400,NaN,0.000218,NaN
1267228800,NaN,0.000218,NaN
1267315200,NaN,0.000218,NaN
1267401600,NaN,0.000217,NaN
1267488000,NaN,0.000217,NaN
1267574400,0.000130,0.000216,-0.000086
1267660800,0.000172,0.000216,-0.000044
1267747200,NaN,0.000215,NaN
1267833600,NaN,0.000215,NaN
1267920000,NaN,0.000214,NaN
1268006400,NaN,0.000214,NaN
1268092800,NaN,0.000213,NaN
1268179200,NaN,0.000213,NaN
1268265600,NaN,0.000212,NaN
1268352000,0.000310,0.000212,0.000098
1268438400,NaN,0.000211,NaN
1268524800,NaN,0.000211,NaN
1268611200,NaN,0.000211,NaN
1268697600,NaN,0.000209,NaN
1268784000,NaN,0.000208,NaN
1268870400,0.000246,0.000206,0.000040
1268956800,0.000086,0.000205,-0.000119
1269043200,NaN,0.000203,NaN
1269129600,0.000359,0.000202,0.000157
1269216000,0.000266,0.000201,0.000065
1269302400,NaN,0.000199,NaN
1269388800,NaN,0.000198,NaN
1269475200,0.000320,0.000196,0.000124
1269561600,0.000196,0.000195,0.000001
1269648000,NaN,0.000193,NaN
1269734400,NaN,0.000192,NaN
1269820800,NaN,0.000191,NaN
1269907200,0.000202,0.000189,0.000013
1269993600,0.000308,0.000188,0.000120
1270080000,0.000258,0.000186,0.000072
1270166400,NaN,0.000185,NaN
1270252800,NaN,0.000183,NaN
1270339200,NaN,0.000182,NaN
1270425600,NaN,0.000180,NaN
1270512000,NaN,0.000179,NaN
1270598400,NaN,0.000178,NaN
1270684800,0.000218,0.000176,0.000042
1270771200,NaN,0.000175,NaN
1270857600,NaN,0.000173,NaN
1270944000,NaN,0.000172,NaN
1271030400,NaN,0.000170,NaN
1271116800,NaN,0.000169,NaN
1271203200,NaN,0.000168,NaN
1271289600,NaN,0.000166,NaN
1271376000,NaN,0.000167,NaN
1271462400,NaN,0.000168,NaN
1271548800,NaN,0.000168,NaN
1271635200,NaN,0.000169,NaN
1271721600,NaN,0.000170,NaN
1271808000,NaN,0.000171,NaN
1271894400,NaN,0.000171,NaN
1271980800,NaN,0.000172,NaN
1272067200,NaN,0.000173,NaN
1272153600,NaN,0.000173,NaN
1272240000,0.000242,0.000174,0.000068
1272326400,NaN,0.000175,NaN
1272412800,NaN,0.000176,NaN
1272499200,NaN,0.000176,NaN
1272585600,NaN,0.000177,NaN
1272672000,NaN,0.000178,NaN
1272758400,NaN,0.000178,NaN
1272844800,0.000204,0.000179,0.000025
1272931200,0.000196,0.000180,0.000016
1273017600,0.000186,0.000181,0.000005
1273104000,0.000174,0.000181,-0.000007
1273190400,NaN,0.000182,NaN
1273276800,0.000124,0.000183,-0.000059
1273363200,NaN,0.000183,NaN
1273449600,NaN,0.000184,NaN
1273536000,NaN,0.000185,NaN
1273622400,0.000294,0.000186,0.000108
1273708800,NaN,0.000186,NaN
1273795200,NaN,0.000187,NaN
1273881600,NaN,0.000188,NaN
1273968000,NaN,0.000189,NaN
1274054400,0.000132,0.000189,-0.000057
1274140800,NaN,0.000190,NaN
1274227200,0.000216,0.000191,0.000025
1274313600,NaN,0.000192,NaN
1274400000,NaN,0.000192,NaN
1274486400,NaN,0.000193,NaN
1274572800,NaN,0.000194,NaN
1274659200,0.000238,0.000195,0.000043
1274745600,NaN,0.000196,NaN
1274832000,0.000160,0.000196,-0.000036
1274918400,0.000250,0.000197,0.000053
1275004800,0.000258,0.000198,0.000060
1275091200,NaN,0.000199,NaN
1275177600,NaN,0.000199,NaN
1275264000,NaN,0.000200,NaN
1275350400,NaN,0.000201,NaN
1275436800,0.000192,0.000202,-0.000010
1275523200,NaN,0.000203,NaN
1275609600,NaN,0.000203,NaN
1275696000,NaN,0.000204,NaN
1275782400,NaN,0.000205,NaN
1275868800,NaN,0.000206,NaN
1275955200,NaN,0.000206,NaN
1276041600,NaN,0.000207,NaN
1276128000,NaN,0.000208,NaN
1276214400,0.000137,0.000209,-0.000072
1276300800,0.000304,0.000210,0.000094
1276387200,0.000218,0.000210,0.000008
1276473600,0.000229,0.000211,0.000018
1276560000,NaN,0.000212,NaN
1276646400,NaN,0.000212,NaN
1276732800,NaN,0.000212,NaN
1276819200,0.000162,0.000212,-0.000050
1276905600,NaN,0.000212,NaN
1276992000,NaN,0.000212,NaN
1277078400,NaN,0.000212,NaN
1277164800,NaN,0.000212,NaN
1277251200,NaN,0.000212,NaN
1277337600,NaN,0.000212,NaN
1277424000,0.000108,0.000213,-0.000105
1277510400,NaN,0.000213,NaN
1277596800,NaN,0.000213,NaN
1277683200,NaN,0.000213,NaN
1277769600,NaN,0.000213,NaN
1277856000,NaN,0.000213,NaN
1277942400,NaN,0.000213,NaN
1278028800,NaN,0.000213,NaN
1278115200,NaN,0.000213,NaN
1278201600,0.000244,0.000213,0.000031
1278288000,NaN,0.000213,NaN
1278374400,0.000196,0.000213,-0.000017
1278460800,NaN,0.000213,NaN
1278547200,NaN,0.000214,NaN
1278633600,NaN,0.000214,NaN
1278720000,NaN,0.000214,NaN
1278806400,NaN,0.000214,NaN
1278892800,NaN,0.000214,NaN
1278979200,0.000194,0.000214,-0.000020
1279065600,NaN,0.000214,NaN
1279152000,0.000188,0.000214,-0.000026
1279238400,NaN,0.000214,NaN
1279324800,NaN,0.000215,NaN
1279411200,NaN,0.000215,NaN
1279497600,NaN,0.000215,NaN
1279584000,NaN,0.000215,NaN
1279670400,NaN,0.000216,NaN
1279756800,NaN,0.000216,NaN
1279843200,NaN,0.000216,NaN
1279929600,NaN,0.000217,NaN
1280016000,NaN,0.000217,NaN
1280102400,NaN,0.000217,NaN
1280188800,NaN,0.000217,NaN
1280275200,NaN,0.000218,NaN
1280361600,0.000182,0.000218,-0.000036
1280448000,NaN,0.000218,NaN
1280534400,NaN,0.000219,NaN
1280620800,NaN,0.000219,NaN
1280707200,NaN,0.000219,NaN
1280793600,NaN,0.000220,NaN
1280880000,0.000262,0.000220,0.000042
1280966400,NaN,0.000220,NaN
1281052800,NaN,0.000220,NaN
1281139200,NaN,0.000221,NaN
1281225600,0.000218,0.000221,-0.000003
1281312000,NaN,0.000221,NaN
1281398400,NaN,0.000222,NaN
1281484800,NaN,0.000222,NaN
1281571200,0.000172,0.000222,-0.000050
1281657600,NaN,0.000222,NaN
1281744000,NaN,0.000223,NaN
1281830400,NaN,0.000223,NaN
1281916800,NaN,0.000223,NaN
1282003200,NaN,0.000223,NaN
1282089600,NaN,0.000223,NaN
1282176000,NaN,0.000223,NaN
1282262400,NaN,0.000223,NaN
1282348800,NaN,0.000222,NaN
1282435200,NaN,0.000222,NaN
1282521600,NaN,0.000222,NaN
1282608000,NaN,0.000222,NaN
1282694400,NaN,0.000222,NaN
1282780800,NaN,0.000222,NaN
1282867200,NaN,0.000222,NaN
1282953600,NaN,0.000222,NaN
1283040000,NaN,0.000222,NaN
1283126400,NaN,0.000222,NaN
1283212800,NaN,0.000221,NaN
1283299200,NaN,0.000221,NaN
1283385600,NaN,0.000221,NaN
1283472000,NaN,0.000221,NaN
1283558400,NaN,0.000221,NaN
1283644800,NaN,0.000221,NaN
1283731200,NaN,0.000221,NaN
1283817600,NaN,0.000221,NaN
1283904000,NaN,0.000221,NaN
1283990400,0.000292,0.000221,0.000071
1284076800,0.000198,0.000221,-0.000023
1284163200,0.000098,0.000220,-0.000122
1284249600,NaN,0.000220,NaN
1284336000,0.000220,0.000220,-0.000000
1284422400,0.000218,0.000220,-0.000002
1284508800,0.000226,0.000220,0.000006
1284595200,NaN,0.000219,NaN
1284681600,NaN,0.000218,NaN
1284768000,NaN,0.000218,NaN
1284854400,NaN,0.000217,NaN
1284940800,NaN,0.000216,NaN
1285027200,NaN,0.000215,NaN
1285113600,0.000254,0.000214,0.000040
1285200000,NaN,0.000214,NaN
1285286400,NaN,0.000213,NaN
1285372800,NaN,0.000212,NaN
1285459200,NaN,0.000211,NaN
1285545600,NaN,0.000210,NaN
1285632000,NaN,0.000209,NaN
1285718400,0.000357,0.000209,0.000148
1285804800,0.000238,0.000208,0.000030
1285891200,0.000128,0.000207,-0.000079
1285977600,0.000110,0.000206,-0.000096
1286064000,0.000206,0.000205,0.000001
1286150400,NaN,0.000204,NaN
1286236800,NaN,0.000204,NaN
1286323200,0.000180,0.000203,-0.000023
1286409600,0.000180,0.000202,-0.000022
1286496000,0.000310,0.000201,0.000109
1286582400,0.000086,0.000200,-0.000114
1286668800,NaN,0.000200,NaN
1286755200,NaN,0.000199,NaN
1286841600,0.000186,0.000198,-0.000012
1286928000,0.000060,0.000197,-0.000137
1287014400,0.000380,0.000196,0.000184
1287100800,0.000156,0.000195,-0.000039
1287187200,0.000192,0.000196,-0.000004
1287273600,0.000286,0.000196,0.000090
1287360000,0.000432,0.000196,0.000236
1287446400,NaN,0.000196,NaN
1287532800,0.000896,0.000196,0.000700
1287619200,NaN,0.000196,NaN
1287705600,NaN,0.000196,NaN
1287792000,0.000230,0.000196,0.000034
1287878400,0.000218,0.000196,0.000022
1287964800,NaN,0.000196,NaN
1288051200,0.000196,0.000197,-0.000001
1288137600,NaN,0.000197,NaN
1288224000,NaN,0.000197,NaN
1288310400,0.000174,0.000197,-0.000023
1288396800,0.000186,0.000197,-0.000011
1288483200,NaN,0.000197,NaN
1288569600,NaN,0.000197,NaN
1288656000,NaN,0.000197,NaN
1288742400,NaN,0.000197,NaN
1288828800,0.000280,0.000198,0.000082
1288915200,0.000062,0.000198,-0.000136
1289001600,0.000180,0.000198,-0.000018
1289088000,0.000242,0.000198,0.000044
1289174400,NaN,0.000198,NaN
1289260800,0.000118,0.000198,-0.000080
1289347200,NaN,0.000198,NaN
1289433600,NaN,0.000198,NaN
1289520000,NaN,0.000198,NaN
1289606400,0.000130,0.000198,-0.000068
1289692800,NaN,0.000199,NaN
1289779200,NaN,0.000199,NaN
1289865600,0.000138,0.000200,-0.000062
1289952000,0.000160,0.000202,-0.000042
1290038400,NaN,0.000204,NaN
1290124800,NaN,0.000206,NaN
1290211200,NaN,0.000208,NaN
1290297600,NaN,0.000210,NaN
1290384000,NaN,0.000211,NaN
1290470400,0.000316,0.000213,0.000103
1290556800,NaN,0.000215,NaN
1290643200,0.000230,0.000217,0.000013
1290729600,NaN,0.000219,NaN
1290816000,0.000222,0.000221,0.000001
1290902400,0.000134,0.000222,-0.000088
1290988800,0.000260,0.000224,0.000036
1291075200,NaN,0.000226,NaN
1291161600,0.000180,0.000228,-0.000048
1291248000,NaN,0.000230,NaN
1291334400,0.000114,0.000232,-0.000118
1291420800,0.000188,0.000233,-0.000045
1291507200,NaN,0.000235,NaN
1291593600,0.000192,0.000237,-0.000045
1291680000,NaN,0.000239,NaN
1291766400,NaN,0.000241,NaN
1291852800,NaN,0.000243,NaN
1291939200,NaN,0.000244,NaN
1292025600,NaN,0.000246,NaN
1292112000,0.000304,0.000248,0.000056
1292198400,0.000330,0.000250,0.000080
1292284800,NaN,0.000252,NaN
1292371200,0.000318,0.000254,0.000064
1292457600,0.000150,0.000253,-0.000103
1292544000,0.000288,0.000253,0.000035
1292630400,NaN,0.000252,NaN
1292716800,0.000100,0.000252,-0.000152
1292803200,0.000170,0.000251,-0.000081
1292889600,NaN,0.000251,NaN
1292976000,0.000210,0.000250,-0.000040
1293062400,NaN,0.000250,NaN
1293148800,NaN,0.000249,NaN
1293235200,NaN,0.000249,NaN
1293321600,NaN,0.000248,NaN
1293408000,NaN,0.000248,NaN
1293494400,NaN,0.000247,NaN
1293580800,NaN,0.000247,NaN
1293667200,NaN,0.000246,NaN
1293753600,NaN,0.000246,NaN
1293840000,NaN,0.000245,NaN
1293926400,0.000266,0.000245,0.000021
1294012800,NaN,0.000244,NaN
1294099200,NaN,0.000244,NaN
1294185600,NaN,0.000243,NaN
1294272000,0.000108,0.000243,-0.000135
1294358400,0.000208,0.000242,-0.000034
1294444800,NaN,0.000242,NaN
1294531200,NaN,0.000242,NaN
1294617600,NaN,0.000241,NaN
1294704000,NaN,0.000241,NaN
1294790400,0.000312,0.000240,0.000072
1294876800,NaN,0.000240,NaN
1294963200,0.000254,0.000239,0.000015
1295049600,0.000022,0.000239,-0.000217
1295136000,0.000274,0.000238,0.000036
1295222400,NaN,0.000238,NaN
1295308800,NaN,0.000237,NaN
1295395200,NaN,0.000237,NaN
1295481600,NaN,0.000236,NaN
1295568000,NaN,0.000236,NaN
1295654400,0.000094,0.000235,-0.000141
1295740800,NaN,0.000235,NaN
1295827200,NaN,0.000234,NaN
1295913600,NaN,0.000234,NaN
1296000000,NaN,0.000233,NaN
1296086400,NaN,0.000233,NaN
1296172800,NaN,0.000232,NaN
1296259200,NaN,0.000232,NaN
1296345600,NaN,0.000231,NaN
1296432000,NaN,0.000231,NaN
1296518400,NaN,0.000230,NaN
1296604800,NaN,0.000230,NaN
1296691200,NaN,0.000229,NaN
1296777600,NaN,0.000229,NaN
1296864000,0.000216,0.000228,-0.000012
1296950400,NaN,0.000228,NaN
1297036800,0.000430,0.000227,0.000203
1297123200,NaN,0.000227,NaN
1297209600,NaN,0.000227,NaN
1297296000,NaN,0.000226,NaN
1297382400,NaN,0.000226,NaN
1297468800,0.000222,0.000225,-0.000003
1297555200,0.000276,0.000225,0.000051
1297641600,0.000212,0.000224,-0.000012
1297728000,NaN,0.000224,NaN
1297814400,NaN,0.000223,NaN
1297900800,NaN,0.000223,NaN
1297987200,NaN,0.000222,NaN
1298073600,0.000266,0.000222,0.000044
1298160000,0.000228,0.000221,0.000007
1298246400,0.000300,0.000221,0.000079
1298332800,0.000302,0.000220,0.000082
1298419200,NaN,0.000220,NaN
1298505600,0.000254,0.000219,0.000035
1298592000,NaN,0.000219,NaN
1298678400,0.000264,0.000218,0.000046
1298764800,NaN,0.000218,NaN
1298851200,NaN,0.000218,NaN
1298937600,NaN,0.000217,NaN
1299024000,NaN,0.000217,NaN
1299110400,NaN,0.000216,NaN
1299196800,NaN,0.000216,NaN
1299283200,NaN,0.000215,NaN
1299369600,NaN,0.000215,NaN
1299456000,NaN,0.000214,NaN
1299542400,NaN,0.000214,NaN
1299628800,NaN,0.000213,NaN
1299715200,0.000224,0.000213,0.000011
1299801600,0.000148,0.000212,-0.000064
1299888000,0.000238,0.000212,0.000026
1299974400,NaN,0.000211,NaN
1300060800,0.000192,0.000211,-0.000019
1300147200,NaN,0.000211,NaN
1300233600,NaN,0.000209,NaN
1300320000,0.000138,0.000208,-0.000070
1300406400,0.000186,0.000206,-0.000020
1300492800,0.000180,0.000205,-0.000025
1300579200,0.000066,0.000203,-0.000137
1300665600,0.000212,0.000202,0.000010
1300752000,NaN,0.000201,NaN
1300838400,NaN,0.000199,NaN
1300924800,NaN,0.000198,NaN
1301011200,0.000252,0.000196,0.000056
1301097600,0.000078,0.000195,-0.000117
1301184000,NaN,0.000193,NaN
1301270400,NaN,0.000192,NaN
1301356800,NaN,0.000191,NaN
1301443200,NaN,0.000189,NaN
1301529600,NaN,0.000188,NaN
1301616000,0.000096,0.000186,-0.000090
1301702400,0.000102,0.000185,-0.000083
1301788800,NaN,0.000183,NaN
1301875200,NaN,0.000182,NaN
1301961600,0.000156,0.000180,-0.000024
1302048000,NaN,0.000179,NaN
1302134400,NaN,0.000178,NaN
1302220800,NaN,0.000176,NaN
1302307200,0.000090,0.000175,-0.000085
1302393600,NaN,0.000173,NaN
1302480000,NaN,0.000172,NaN
1302566400,0.000164,0.000170,-0.000006
1302652800,0.000238,0.000169,0.000069
1302739200,NaN,0.000168,NaN
1302825600,NaN,0.000166,NaN
1302912000,0.000046,0.000167,-0.000121
1302998400,NaN,0.000168,NaN
1303084800,NaN,0.000168,NaN
1303171200,NaN,0.000169,NaN
1303257600,NaN,0.000170,NaN
1303344000,NaN,0.000171,NaN
1303430400,NaN,0.000171,NaN
1303516800,NaN,0.000172,NaN
1303603200,NaN,0.000173,NaN
1303689600,NaN,0.000173,NaN
1303776000,NaN,0.000174,NaN
1303862400,NaN,0.000175,NaN
1303948800,0.000194,0.000176,0.000018
1304035200,0.000305,0.000176,0.000129
1304121600,NaN,0.000177,NaN
1304208000,NaN,0.000178,NaN
1304294400,NaN,0.000178,NaN
1304380800,NaN,0.000179,NaN
1304467200,0.000282,0.000180,0.000102
1304553600,NaN,0.000181,NaN
1304640000,NaN,0.000181,NaN
1304726400,NaN,0.000182,NaN
1304812800,NaN,0.000183,NaN
1304899200,0.000120,0.000183,-0.000063
1304985600,NaN,0.000184,NaN
1305072000,NaN,0.000185,NaN
1305158400,NaN,0.000186,NaN
1305244800,NaN,0.000186,NaN
1305331200,0.000198,0.000187,0.000011
1305417600,0.000220,0.000188,0.000032
1305504000,0.000076,0.000189,-0.000113
1305590400,NaN,0.000189,NaN
1305676800,0.000232,0.000190,0.000042
1305763200,NaN,0.000191,NaN
1305849600,NaN,0.000192,NaN
1305936000,NaN,0.000192,NaN
1306022400,0.000170,0.000193,-0.000023
1306108800,NaN,0.000194,NaN
1306195200,NaN,0.000195,NaN
1306281600,NaN,0.000196,NaN
1306368000,NaN,0.000196,NaN
1306454400,NaN,0.000197,NaN
1306540800,NaN,0.000198,NaN
1306627200,0.000100,0.000199,-0.000099
1306713600,NaN,0.000199,NaN
1306800000,NaN,0.000200,NaN
1306886400,NaN,0.000201,NaN
1306972800,NaN,0.000202,NaN
1307059200,NaN,0.000203,NaN
1307145600,NaN,0.000203,NaN
1307232000,NaN,0.000204,NaN
1307318400,NaN,0.000205,NaN
1307404800,0.000206,0.000206,0.000000
1307491200,NaN,0.000206,NaN
1307577600,NaN,0.000207,NaN
1307664000,NaN,0.000208,NaN
1307750400,NaN,0.000209,NaN
1307836800,NaN,0.000210,NaN
1307923200,0.000172,0.000210,-0.000038
1308009600,0.000220,0.000211,0.000009
1308096000,NaN,0.000212,NaN
1308182400,0.000267,0.000212,0.000055
1308268800,NaN,0.000212,NaN
1308355200,NaN,0.000212,NaN
1308441600,NaN,0.000212,NaN
1308528000,NaN,0.000212,NaN
1308614400,0.000200,0.000212,-0.000012
1308700800,NaN,0.000212,NaN
1308787200,NaN,0.000212,NaN
1308873600,NaN,0.000212,NaN
1308960000,NaN,0.000213,NaN
1309046400,NaN,0.000213,NaN
1309132800,NaN,0.000213,NaN
1309219200,0.000428,0.000213,0.000215
1309305600,NaN,0.000213,NaN
1309392000,NaN,0.000213,NaN
1309478400,NaN,0.000213,NaN
1309564800,0.000184,0.000213,-0.000029
1309651200,NaN,0.000213,NaN
1309737600,NaN,0.000213,NaN
1309824000,NaN,0.000213,NaN
1309910400,NaN,0.000213,NaN
1309996800,0.000138,0.000213,-0.000075
1310083200,0.000140,0.000214,-0.000074
1310169600,0.000180,0.000214,-0.000034
1310256000,NaN,0.000214,NaN
1310342400,NaN,0.000214,NaN
1310428800,NaN,0.000214,NaN
1310515200,NaN,0.000214,NaN
1310601600,NaN,0.000214,NaN
1310688000,NaN,0.000214,NaN
1310774400,0.000176,0.000214,-0.000038
1310860800,NaN,0.000215,NaN
1310947200,NaN,0.000215,NaN
1311033600,0.000380,0.000215,0.000165
1311120000,NaN,0.000215,NaN
1311206400,NaN,0.000216,NaN
1311292800,NaN,0.000216,NaN
1311379200,0.000238,0.000216,0.000022
1311465600,0.000290,0.000217,0.000073
1311552000,NaN,0.000217,NaN
1311638400,NaN,0.000217,NaN
1311724800,NaN,0.000217,NaN
1311811200,NaN,0.000218,NaN
1311897600,NaN,0.000218,NaN
1311984000,0.000256,0.000218,0.000038
1312070400,NaN,0.000219,NaN
1312156800,NaN,0.000219,NaN
1312243200,0.000184,0.000219,-0.000035
1312329600,0.000227,0.000220,0.000007
1312416000,NaN,0.000220,NaN
1312502400,NaN,0.000220,NaN
1312588800,0.000300,0.000220,0.000080
1312675200,NaN,0.000221,NaN
1312761600,NaN,0.000221,NaN
1312848000,0.000196,0.000221,-0.000025
1312934400,0.000206,0.000222,-0.000016
1313020800,0.000196,0.000222,-0.000026
1313107200,NaN,0.000222,NaN
1313193600,NaN,0.000222,NaN
1313280000,NaN,0.000223,NaN
1313366400,0.000134,0.000223,-0.000089
1313452800,0.000192,0.000223,-0.000031
1313539200,0.000214,0.000223,-0.000009
1313625600,NaN,0.000223,NaN
1313712000,NaN,0.000223,NaN
1313798400,NaN,0.000223,NaN
1313884800,NaN,0.000222,NaN
1313971200,NaN,0.000222,NaN
1314057600,0.001366,0.000222,0.001144
1314144000,NaN,0.000222,NaN
1314230400,NaN,0.000222,NaN
1314316800,0.000194,0.000222,-0.000028
1314403200,NaN,0.000222,NaN
1314489600,0.000342,0.000222,0.000120
1314576000,0.000038,0.000222,-0.000184
1314662400,NaN,0.000222,NaN
1314748800,0.000254,0.000221,0.000033
1314835200,NaN,0.000221,NaN
1314921600,NaN,0.000221,NaN
1315008000,NaN,0.000221,NaN
1315094400,NaN,0.000221,NaN
1315180800,NaN,0.000221,NaN
1315267200,NaN,0.000221,NaN
1315353600,0.000176,0.000221,-0.000045
1315440000,NaN,0.000221,NaN
1315526400,0.000392,0.000221,0.000171
1315612800,0.000164,0.000221,-0.000057
1315699200,0.000232,0.000220,0.000012
1315785600,0.000252,0.000220,0.000032
1315872000,0.000128,0.000220,-0.000092
1315958400,NaN,0.000220,NaN
1316044800,NaN,0.000220,NaN
1316131200,0.000200,0.000219,-0.000019
1316217600,NaN,0.000218,NaN
1316304000,0.000350,0.000218,0.000132
1316390400,NaN,0.000217,NaN
1316476800,NaN,0.000216,NaN
1316563200,NaN,0.000215,NaN
1316649600,NaN,0.000214,NaN
1316736000,NaN,0.000214,NaN
1316822400,NaN,0.000213,NaN
1316908800,NaN,0.000212,NaN
1316995200,0.000162,0.000211,-0.000049
1317081600,NaN,0.000210,NaN
1317168000,0.000324,0.000209,0.000115
1317254400,NaN,0.000209,NaN
1317340800,0.000055,0.000208,-0.000153
1317427200,NaN,0.000207,NaN
1317513600,0.000232,0.000206,0.000026
1317600000,NaN,0.000205,NaN
1317686400,0.000204,0.000204,-0.000000
1317772800,0.000204,0.000204,0.000000
1317859200,NaN,0.000203,NaN
1317945600,NaN,0.000202,NaN
1318032000,NaN,0.000201,NaN
1318118400,NaN,0.000200,NaN
1318204800,NaN,0.000200,NaN
1318291200,NaN,0.000199,NaN
1318377600,NaN,0.000198,NaN
1318464000,NaN,0.000197,NaN
1318550400,0.000114,0.000196,-0.000082
1318636800,NaN,0.000195,NaN
1318723200,NaN,0.000196,NaN
1318809600,0.000070,0.000196,-0.000126
1318896000,NaN,0.000196,NaN
1318982400,0.000284,0.000196,0.000088
1319068800,0.000224,0.000196,0.000028
1319155200,0.000032,0.000196,-0.000164
1319241600,0.000146,0.000196,-0.000050
1319328000,NaN,0.000196,NaN
1319414400,NaN,0.000196,NaN
1319500800,0.000386,0.000196,0.000190
1319587200,0.000148,0.000197,-0.000049
1319673600,0.000126,0.000197,-0.000071
1319760000,NaN,0.000197,NaN
1319846400,0.000221,0.000197,0.000024
1319932800,0.000070,0.000197,-0.000127
1320019200,0.000196,0.000197,-0.000001
1320105600,NaN,0.000197,NaN
1320192000,0.000357,0.000197,0.000160
1320278400,NaN,0.000197,NaN
1320364800,NaN,0.000198,NaN
1320451200,NaN,0.000198,NaN
1320537600,NaN,0.000198,NaN
1320624000,0.000194,0.000198,-0.000004
1320710400,NaN,0.000198,NaN
1320796800,0.000238,0.000198,0.000040
1320883200,0.000228,0.000198,0.000030
1320969600,0.000182,0.000198,-0.000016
1321056000,NaN,0.000198,NaN
1321142400,0.000146,0.000198,-0.000052
1321228800,NaN,0.000199,NaN
1321315200,NaN,0.000199,NaN
1321401600,0.000230,0.000200,0.000030
1321488000,0.000332,0.000202,0.000130
1321574400,NaN,0.000204,NaN
1321660800,NaN,0.000206,NaN
1321747200,NaN,0.000208,NaN
1321833600,0.000197,0.000210,-0.000013
1321920000,NaN,0.000211,NaN
1322006400,NaN,0.000213,NaN
1322092800,NaN,0.000215,NaN
1322179200,0.000246,0.000217,0.000029
1322265600,NaN,0.000219,NaN
1322352000,NaN,0.000221,NaN
1322438400,0.000324,0.000222,0.000102
1322524800,0.000180,0.000224,-0.000044
1322611200,0.000370,0.000226,0.000144
1322697600,NaN,0.000228,NaN
1322784000,NaN,0.000230,NaN
1322870400,NaN,0.000232,NaN
1322956800,NaN,0.000233,NaN
1323043200,NaN,0.000235,NaN
1323129600,NaN,0.000237,NaN
1323216000,NaN,0.000239,NaN
1323302400,NaN,0.000241,NaN
1323388800,NaN,0.000243,NaN
1323475200,NaN,0.000244,NaN
1323561600,NaN,0.000246,NaN
1323648000,NaN,0.000248,NaN
1323734400,NaN,0.000250,NaN
1323820800,0.000260,0.000252,0.000008
1323907200,NaN,0.000254,NaN
1323993600,0.000162,0.000253,-0.000091
1324080000,NaN,0.000253,NaN
1324166400,NaN,0.000252,NaN
1324252800,NaN,0.000252,NaN
1324339200,0.000462,0.000251,0.000211
1324425600,NaN,0.000251,NaN
1324512000,NaN,0.000250,NaN
1324598400,NaN,0.000250,NaN
1324684800,NaN,0.000249,NaN
1324771200,NaN,0.000249,NaN
1324857600,NaN,0.000248,NaN
1324944000,0.000254,0.000248,0.000006
1325030400,NaN,0.000247,NaN
1325116800,0.000267,0.000247,0.000020
1325203200,0.000248,0.000246,0.000002
1325289600,NaN,0.000246,NaN
1325376000,NaN,0.000245,NaN
1325462400,0.000240,0.000245,-0.000005
1325548800,0.000288,0.000244,0.000044
1325635200,0.000154,0.000244,-0.000090
1325721600,NaN,0.000243,NaN
1325808000,NaN,0.000243,NaN
1325894400,0.000214,0.000242,-0.000028
1325980800,NaN,0.000242,NaN
1326067200,NaN,0.000242,NaN
1326153600,NaN,0.000241,NaN
1326240000,0.000054,0.000241,-0.000187
1326326400,NaN,0.000240,NaN
1326412800,NaN,0.000240,NaN
1326499200,0.000214,0.000239,-0.000025
1326585600,NaN,0.000239,NaN
1326672000,0.000314,0.000238,0.000076
1326758400,NaN,0.000238,NaN
1326844800,NaN,0.000237,NaN
1326931200,NaN,0.000237,NaN
1327017600,NaN,0.000236,NaN
1327104000,NaN,0.000236,NaN
1327190400,NaN,0.000235,NaN
1327276800,0.000302,0.000235,0.000067
1327363200,NaN,0.000234,NaN
1327449600,NaN,0.000234,NaN
1327536000,NaN,0.000233,NaN
1327622400,0.000170,0.000233,-0.000063
1327708800,NaN,0.000232,NaN
1327795200,NaN,0.000232,NaN
1327881600,NaN,0.000231,NaN
1327968000,NaN,0.000231,NaN
1328054400,NaN,0.000230,NaN
1328140800,NaN,0.000230,NaN
1328227200,NaN,0.000229,NaN
1328313600,NaN,0.000229,NaN
1328400000,NaN,0.000228,NaN
1328486400,NaN,0.000228,NaN
1328572800,NaN,0.000227,NaN
1328659200,NaN,0.000227,NaN
1328745600,NaN,0.000227,NaN
1328832000,NaN,0.000226,NaN
1328918400,NaN,0.000226,NaN
1329004800,NaN,0.000225,NaN
1329091200,NaN,0.000225,NaN
1329177600,NaN,0.000224,NaN
1329264000,NaN,0.000224,NaN
1329350400,NaN,0.000223,NaN
1329436800,NaN,0.000223,NaN
1329523200,NaN,0.000222,NaN
1329609600,NaN,0.000222,NaN
1329696000,NaN,0.000221,NaN
1329782400,NaN,0.000221,NaN
1329868800,NaN,0.000220,NaN
1329955200,NaN,0.000220,NaN
1330041600,NaN,0.000219,NaN
1330128000,NaN,0.000219,NaN
1330214400,NaN,0.000218,NaN
1330300800,NaN,0.000218,NaN
1330387200,NaN,0.000218,NaN
1330473600,NaN,0.000217,NaN
1330560000,NaN,0.000217,NaN
1330646400,0.000278,0.000216,0.000062
1330732800,NaN,0.000216,NaN
1330819200,0.000182,0.000215,-0.000033
1330905600,0.000230,0.000215,0.000015
1330992000,NaN,0.000214,NaN
1331078400,NaN,0.000214,NaN
1331164800,NaN,0.000213,NaN
1331251200,NaN,0.000213,NaN
1331337600,NaN,0.000212,NaN
1331424000,NaN,0.000212,NaN
1331510400,0.000182,0.000211,-0.000029
1331596800,0.000266,0.000211,0.000055
1331683200,0.000206,0.000211,-0.000005
1331769600,0.000274,0.000209,0.000065
1331856000,0.000220,0.000208,0.000012
1331942400,NaN,0.000206,NaN
1332028800,NaN,0.000205,NaN
1332115200,NaN,0.000203,NaN
1332201600,NaN,0.000202,NaN
1332288000,NaN,0.000201,NaN
1332374400,NaN,0.000199,NaN
1332460800,NaN,0.000198,NaN
1332547200,0.000216,0.000196,0.000020
1332633600,NaN,0.000195,NaN
1332720000,NaN,0.000193,NaN
1332806400,NaN,0.000192,NaN
1332892800,0.000130,0.000191,-0.000061
1332979200,NaN,0.000189,NaN
1333065600,NaN,0.000188,NaN
1333152000,NaN,0.000186,NaN
1333238400,NaN,0.000185,NaN
1333324800,NaN,0.000183,NaN
1333411200,NaN,0.000182,NaN
1333497600,NaN,0.000180,NaN
1333584000,NaN,0.000179,NaN
1333670400,0.000206,0.000178,0.000028
1333756800,NaN,0.000176,NaN
1333843200,NaN,0.000175,NaN
1333929600,0.000018,0.000173,-0.000155
1334016000,NaN,0.000172,NaN
1334102400,0.000036,0.000170,-0.000134
1334188800,NaN,0.000169,NaN
1334275200,0.000162,0.000168,-0.000006
1334361600,NaN,0.000166,NaN
1334448000,0.000238,0.000167,0.000071
1334534400,NaN,0.000168,NaN
1334620800,NaN,0.000168,NaN
1334707200,NaN,0.000169,NaN
1334793600,NaN,0.000170,NaN
1334880000,NaN,0.000171,NaN
1334966400,NaN,0.000171,NaN
1335052800,0.000188,0.000172,0.000016
1335139200,0.000152,0.000173,-0.000021
1335225600,0.000118,0.000173,-0.000055
1335312000,NaN,0.000174,NaN
1335398400,NaN,0.000175,NaN
1335484800,0.000156,0.000176,-0.000020
1335571200,NaN,0.000176,NaN
1335657600,0.000174,0.000177,-0.000003
1335744000,NaN,0.000178,NaN
1335830400,0.000254,0.000178,0.000076
1335916800,NaN,0.000179,NaN
1336003200,NaN,0.000180,NaN
1336089600,NaN,0.000181,NaN
1336176000,NaN,0.000181,NaN
1336262400,NaN,0.000182,NaN
1336348800,0.000188,0.000183,0.000005
1336435200,0.000144,0.000183,-0.000039
1336521600,NaN,0.000184,NaN
1336608000,NaN,0.000185,NaN
1336694400,NaN,0.000186,NaN
1336780800,NaN,0.000186,NaN
1336867200,NaN,0.000187,NaN
1336953600,NaN,0.000188,NaN
1337040000,0.000100,0.000189,-0.000089
1337126400,NaN,0.000189,NaN
1337212800,0.000268,0.000190,0.000078
1337299200,NaN,0.000191,NaN
1337385600,NaN,0.000192,NaN
1337472000,0.000112,0.000192,-0.000080
1337558400,NaN,0.000193,NaN
1337644800,0.000200,0.000194,0.000006
1337731200,NaN,0.000195,NaN
1337817600,0.000178,0.000196,-0.000018
1337904000,NaN,0.000196,NaN
1337990400,NaN,0.000197,NaN
1338076800,NaN,0.000198,NaN
1338163200,NaN,0.000199,NaN
1338249600,NaN,0.000199,NaN
1338336000,NaN,0.000200,NaN
1338422400,NaN,0.000201,NaN
1338508800,NaN,0.000202,NaN
1338595200,0.000376,0.000203,0.000173
1338681600,0.000444,0.000203,0.000241
1338768000,NaN,0.000204,NaN
1338854400,0.000228,0.000205,0.000023
1338940800,NaN,0.000206,NaN
1339027200,NaN,0.000206,NaN
1339113600,NaN,0.000207,NaN
1339200000,NaN,0.000208,NaN
1339286400,NaN,0.000209,NaN
1339372800,NaN,0.000210,NaN
1339459200,NaN,0.000210,NaN
1339545600,NaN,0.000211,NaN
1339632000,NaN,0.000212,NaN
1339718400,0.000160,0.000212,-0.000052
1339804800,NaN,0.000212,NaN
1339891200,NaN,0.000212,NaN
1339977600,NaN,0.000212,NaN
1340064000,NaN,0.000212,NaN
1340150400,NaN,0.000212,NaN
1340236800,NaN,0.000212,NaN
1340323200,NaN,0.000212,NaN
1340409600,NaN,0.000212,NaN
1340496000,0.000338,0.000213,0.000125
1340582400,0.000194,0.000213,-0.000019
1340668800,NaN,0.000213,NaN
1340755200,NaN,0.000213,NaN
1340841600,NaN,0.000213,NaN
1340928000,NaN,0.000213,NaN
1341014400,NaN,0.000213,NaN
1341100800,NaN,0.000213,NaN
1341187200,NaN,0.000213,NaN
1341273600,0.000166,0.000213,-0.000047
1341360000,0.000206,0.000213,-0.000007
1341446400,NaN,0.000213,NaN
1341532800,NaN,0.000213,NaN
1341619200,NaN,0.000214,NaN
1341705600,NaN,0.000214,NaN
1341792000,NaN,0.000214,NaN
1341878400,NaN,0.000214,NaN
1341964800,NaN,0.000214,NaN
1342051200,NaN,0.000214,NaN
1342137600,NaN,0.000214,NaN
1342224000,NaN,0.000214,NaN
1342310400,NaN,0.000214,NaN
1342396800,NaN,0.000215,NaN
1342483200,NaN,0.000215,NaN
1342569600,0.000188,0.000215,-0.000027
1342656000,0.000198,0.000215,-0.000017
1342742400,NaN,0.000216,NaN
1342828800,NaN,0.000216,NaN
1342915200,NaN,0.000216,NaN
1343001600,NaN,0.000217,NaN
1343088000,NaN,0.000217,NaN
1343174400,0.000172,0.000217,-0.000045
1343260800,NaN,0.000217,NaN
1343347200,0.000376,0.000218,0.000158
1343433600,NaN,0.000218,NaN
1343520000,0.000147,0.000218,-0.000071
1343606400,NaN,0.000219,NaN
1343692800,NaN,0.000219,NaN
1343779200,0.000172,0.000219,-0.000047
1343865600,0.000186,0.000220,-0.000034
1343952000,0.000176,0.000220,-0.000044
1344038400,NaN,0.000220,NaN
1344124800,NaN,0.000220,NaN
1344211200,0.000234,0.000221,0.000013
1344297600,NaN,0.000221,NaN
1344384000,NaN,0.000221,NaN
1344470400,NaN,0.000222,NaN
1344556800,0.000216,0.000222,-0.000006
1344643200,NaN,0.000222,NaN
1344729600,0.000164,0.000222,-0.000058
1344816000,NaN,0.000223,NaN
1344902400,NaN,0.000223,NaN
1344988800,NaN,0.000223,NaN
1345075200,NaN,0.000223,NaN
1345161600,0.000236,0.000223,0.000013
1345248000,NaN,0.000223,NaN
1345334400,NaN,0.000223,NaN
1345420800,NaN,0.000222,NaN
1345507200,0.000228,0.000222,0.000006
1345593600,NaN,0.000222,NaN
1345680000,NaN,0.000222,NaN
1345766400,NaN,0.000222,NaN
1345852800,NaN,0.000222,NaN
1345939200,NaN,0.000222,NaN
1346025600,NaN,0.000222,NaN
1346112000,NaN,0.000222,NaN
1346198400,NaN,0.000222,NaN
1346284800,NaN,0.000221,NaN
1346371200,NaN,0.000221,NaN
1346457600,NaN,0.000221,NaN
1346544000,0.000102,0.000221,-0.000119
1346630400,0.000132,0.000221,-0.000089
1346716800,0.000215,0.000221,-0.000006
1346803200,NaN,0.000221,NaN
1346889600,NaN,0.000221,NaN
1346976000,0.000726,0.000221,0.000505
1347062400,NaN,0.000221,NaN
1347148800,NaN,0.000221,NaN
1347235200,NaN,0.000220,NaN
1347321600,NaN,0.000220,NaN
1347408000,NaN,0.000220,NaN
1347494400,NaN,0.000220,NaN
1347580800,NaN,0.000220,NaN
1347667200,NaN,0.000219,NaN
1347753600,NaN,0.000218,NaN
1347840000,NaN,0.000218,NaN
1347926400,NaN,0.000217,NaN
1348012800,NaN,0.000216,NaN
1348099200,NaN,0.000215,NaN
1348185600,0.000128,0.000214,-0.000086
1348272000,0.000093,0.000214,-0.000121
1348358400,NaN,0.000213,NaN
1348444800,NaN,0.000212,NaN
1348531200,NaN,0.000211,NaN
1348617600,NaN,0.000210,NaN
1348704000,NaN,0.000209,NaN
1348790400,NaN,0.000209,NaN
1348876800,NaN,0.000208,NaN
1348963200,NaN,0.000207,NaN
1349049600,NaN,0.000206,NaN
1349136000,NaN,0.000205,NaN
1349222400,NaN,0.000204,NaN
1349308800,0.000084,0.000204,-0.000120
1349395200,NaN,0.000203,NaN
1349481600,0.000168,0.000202,-0.000034
1349568000,NaN,0.000201,NaN
1349654400,NaN,0.000200,NaN
1349740800,NaN,0.000200,NaN
1349827200,NaN,0.000199,NaN
1349913600,NaN,0.000198,NaN
1350000000,0.000174,0.000197,-0.000023
1350086400,NaN,0.000196,NaN
1350172800,NaN,0.000195,NaN
1350259200,NaN,0.000196,NaN
1350345600,NaN,0.000196,NaN
1350432000,NaN,0.000196,NaN
1350518400,NaN,0.000196,NaN
1350604800,0.000186,0.000196,-0.000010
1350691200,0.000180,0.000196,-0.000016
1350777600,0.000198,0.000196,0.000002
1350864000,NaN,0.000196,NaN
1350950400,0.000096,0.000196,-0.000100
1351036800,NaN,0.000196,NaN
1351123200,0.000036,0.000197,-0.000161
1351209600,NaN,0.000197,NaN
1351296000,NaN,0.000197,NaN
1351382400,0.000232,0.000197,0.000035
1351468800,0.000216,0.000197,0.000019
1351555200,0.000074,0.000197,-0.000123
1351641600,0.000146,0.000197,-0.000051
1351728000,0.000096,0.000197,-0.000101
1351814400,NaN,0.000197,NaN
1351900800,NaN,0.000198,NaN
1351987200,NaN,0.000198,NaN
1352073600,0.000054,0.000198,-0.000144
1352160000,0.000160,0.000198,-0.000038
1352246400,0.000190,0.000198,-0.000008
1352332800,0.000114,0.000198,-0.000084
1352419200,0.000156,0.000198,-0.000042
1352505600,NaN,0.000198,NaN
1352592000,NaN,0.000198,NaN
1352678400,NaN,0.000198,NaN
1352764800,NaN,0.000199,NaN
1352851200,0.000162,0.000199,-0.000037
1352937600,0.000036,0.000200,-0.000164
1353024000,NaN,0.000202,NaN
1353110400,NaN,0.000204,NaN
1353196800,0.000198,0.000206,-0.000008
1353283200,NaN,0.000208,NaN
1353369600,0.000166,0.000210,-0.000044
1353456000,0.000186,0.000211,-0.000025
1353542400,NaN,0.000213,NaN
1353628800,NaN,0.000215,NaN
1353715200,NaN,0.000217,NaN
1353801600,NaN,0.000219,NaN
1353888000,NaN,0.000221,NaN
1353974400,NaN,0.000222,NaN
1354060800,NaN,0.000224,NaN
1354147200,0.000158,0.000226,-0.000068
1354233600,NaN,0.000228,NaN
1354320000,0.000078,0.000230,-0.000152
1354406400,0.000575,0.000232,0.000343
1354492800,NaN,0.000233,NaN
1354579200,0.000146,0.000235,-0.000089
1354665600,NaN,0.000237,NaN
1354752000,0.000124,0.000239,-0.000115
1354838400,NaN,0.000241,NaN
1354924800,NaN,0.000243,NaN
1355011200,NaN,0.000244,NaN
1355097600,NaN,0.000246,NaN
1355184000,NaN,0.000248,NaN
1355270400,0.001516,0.000250,0.001266
1355356800,0.000186,0.000252,-0.000066
1355443200,NaN,0.000254,NaN
1355529600,NaN,0.000253,NaN
1355616000,NaN,0.000253,NaN
1355702400,NaN,0.000252,NaN
1355788800,0.000254,0.000252,0.000002
1355875200,NaN,0.000251,NaN
1355961600,0.000336,0.000251,0.000085
1356048000,NaN,0.000250,NaN
1356134400,0.000172,0.000250,-0.000078
1356220800,NaN,0.000249,NaN
1356307200,NaN,0.000249,NaN
1356393600,NaN,0.000248,NaN
1356480000,NaN,0.000248,NaN
1356566400,NaN,0.000247,NaN
1356652800,NaN,0.000247,NaN
1356739200,NaN,0.000247,NaN
1356825600,NaN,0.000246,NaN
1356912000,NaN,0.000246,NaN
1356998400,NaN,0.000245,NaN
1357084800,NaN,0.000245,NaN
1357171200,NaN,0.000244,NaN
1357257600,NaN,0.000244,NaN
1357344000,NaN,0.000243,NaN
1357430400,NaN,0.000243,NaN
1357516800,NaN,0.000242,NaN
1357603200,NaN,0.000242,NaN
1357689600,NaN,0.000241,NaN
1357776000,NaN,0.000241,NaN
1357862400,NaN,0.000240,NaN
1357948800,NaN,0.000240,NaN
1358035200,NaN,0.000240,NaN
1358121600,NaN,0.000239,NaN
1358208000,NaN,0.000239,NaN
1358294400,NaN,0.000238,NaN
1358380800,0.000230,0.000238,-0.000008
1358467200,NaN,0.000237,NaN
1358553600,NaN,0.000237,NaN
1358640000,NaN,0.000236,NaN
1358726400,NaN,0.000236,NaN
1358812800,NaN,0.000235,NaN
1358899200,0.000186,0.000235,-0.000049
1358985600,0.000174,0.000234,-0.000060
1359072000,0.000196,0.000234,-0.000038
1359158400,NaN,0.000233,NaN
1359244800,NaN,0.000233,NaN
1359331200,0.000194,0.000232,-0.000038
1359417600,NaN,0.000232,NaN
1359504000,NaN,0.000231,NaN
1359590400,0.000248,0.000231,0.000017
1359676800,0.000194,0.000230,-0.000036
1359763200,NaN,0.000230,NaN
1359849600,NaN,0.000229,NaN
1359936000,NaN,0.000229,NaN
1360022400,NaN,0.000228,NaN
1360108800,NaN,0.000228,NaN
1360195200,0.000230,0.000227,0.000003
1360281600,NaN,0.000227,NaN
1360368000,NaN,0.000227,NaN
1360454400,NaN,0.000226,NaN
1360540800,NaN,0.000226,NaN
1360627200,NaN,0.000225,NaN
1360713600,NaN,0.000225,NaN
1360800000,NaN,0.000224,NaN
1360886400,NaN,0.000224,NaN
1360972800,0.000298,0.000223,0.000075
1361059200,0.000174,0.000223,-0.000049
1361145600,NaN,0.000222,NaN
1361232000,NaN,0.000222,NaN
1361318400,NaN,0.000221,NaN
1361404800,NaN,0.000221,NaN
1361491200,NaN,0.000220,NaN
1361577600,NaN,0.000220,NaN
1361664000,NaN,0.000219,NaN
1361750400,NaN,0.000219,NaN
1361836800,0.000218,0.000218,-0.000000
1361923200,0.000222,0.000218,0.000004
1362009600,NaN,0.000218,NaN
1362096000,0.000250,0.000217,0.000033
1362182400,NaN,0.000217,NaN
1362268800,0.000210,0.000216,-0.000006
1362355200,NaN,0.000216,NaN
1362441600,NaN,0.000215,NaN
1362528000,0.000186,0.000215,-0.000029
1362614400,0.000178,0.000214,-0.000036
1362700800,NaN,0.000214,NaN
1362787200,NaN,0.000213,NaN
1362873600,NaN,0.000213,NaN
1362960000,NaN,0.000212,NaN
1363046400,NaN,0.000212,NaN
1363132800,0.000254,0.000211,0.000043
1363219200,0.000252,0.000211,0.000041
1363305600,0.000216,0.000211,0.000005
1363392000,0.000322,0.000209,0.000113
1363478400,NaN,0.000208,NaN
1363564800,NaN,0.000206,NaN
1363651200,NaN,0.000205,NaN
1363737600,NaN,0.000203,NaN
1363824000,NaN,0.000202,NaN
1363910400,NaN,0.000201,NaN
1363996800,NaN,0.000199,NaN
1364083200,0.000434,0.000198,0.000236
1364169600,0.000330,0.000196,0.000134
1364256000,NaN,0.000195,NaN
1364342400,0.000204,0.000193,0.000011
1364428800,NaN,0.000192,NaN
1364515200,0.000188,0.000191,-0.000003
1364601600,NaN,0.000189,NaN
1364688000,0.000238,0.000188,0.000050
1364774400,NaN,0.000186,NaN
1364860800,NaN,0.000185,NaN
1364947200,NaN,0.000183,NaN
1365033600,NaN,0.000182,NaN
1365120000,NaN,0.000180,NaN
1365206400,NaN,0.000179,NaN
1365292800,NaN,0.000178,NaN
1365379200,NaN,0.000176,NaN
1365465600,NaN,0.000175,NaN
1365552000,NaN,0.000173,NaN
1365638400,NaN,0.000172,NaN
1365724800,NaN,0.000170,NaN
1365811200,NaN,0.000169,NaN
1365897600,0.000080,0.000168,-0.000088
1365984000,NaN,0.000166,NaN
1366070400,NaN,0.000167,NaN
1366156800,NaN,0.000168,NaN
1366243200,NaN,0.000168,NaN
1366329600,NaN,0.000169,NaN
1366416000,NaN,0.000170,NaN
1366502400,NaN,0.000171,NaN
1366588800,NaN,0.000171,NaN
1366675200,NaN,0.000172,NaN
1366761600,NaN,0.000173,NaN
1366848000,NaN,0.000173,NaN
1366934400,NaN,0.000174,NaN
1367020800,0.000223,0.000175,0.000048
1367107200,NaN,0.000176,NaN
1367193600,NaN,0.000176,NaN
1367280000,NaN,0.000177,NaN
1367366400,NaN,0.000178,NaN
1367452800,NaN,0.000178,NaN
1367539200,NaN,0.000179,NaN
1367625600,0.000198,0.000180,0.000018
1367712000,0.000284,0.000181,0.000103
1367798400,NaN,0.000181,NaN
1367884800,0.000090,0.000182,-0.000092
1367971200,NaN,0.000183,NaN
1368057600,NaN,0.000183,NaN
1368144000,NaN,0.000184,NaN
1368230400,NaN,0.000185,NaN
1368316800,NaN,0.000186,NaN
1368403200,NaN,0.000186,NaN
1368489600,0.000076,0.000187,-0.000111
1368576000,NaN,0.000188,NaN
1368662400,0.000266,0.000189,0.000077
1368748800,NaN,0.000189,NaN
1368835200,0.000152,0.000190,-0.000038
1368921600,0.000382,0.000191,0.000191
1369008000,NaN,0.000192,NaN
1369094400,NaN,0.000192,NaN
1369180800,NaN,0.000193,NaN
1369267200,NaN,0.000194,NaN
1369353600,NaN,0.000195,NaN
1369440000,NaN,0.000196,NaN
1369526400,0.000316,0.000196,0.000120
1369612800,NaN,0.000197,NaN
1369699200,0.000270,0.000198,0.000072
1369785600,NaN,0.000199,NaN
1369872000,NaN,0.000199,NaN
1369958400,NaN,0.000200,NaN
1370044800,0.000194,0.000201,-0.000007
1370131200,NaN,0.000202,NaN
1370217600,NaN,0.000203,NaN
1370304000,NaN,0.000203,NaN
1370390400,0.000236,0.000204,0.000032
1370476800,NaN,0.000205,NaN
1370563200,NaN,0.000206,NaN
1370649600,NaN,0.000206,NaN
1370736000,NaN,0.000207,NaN
1370822400,NaN,0.000208,NaN
1370908800,NaN,0.000209,NaN
1370995200,NaN,0.000210,NaN
1371081600,NaN,0.000210,NaN
1371168000,0.000154,0.000211,-0.000057
1371254400,0.000204,0.000212,-0.000008
1371340800,NaN,0.000212,NaN
1371427200,NaN,0.000212,NaN
1371513600,0.000116,0.000212,-0.000096
1371600000,0.000250,0.000212,0.000038
1371686400,NaN,0.000212,NaN
1371772800,NaN,0.000212,NaN
1371859200,NaN,0.000212,NaN
1371945600,NaN,0.000212,NaN
1372032000,0.000146,0.000212,-0.000066
1372118400,NaN,0.000213,NaN
1372204800,NaN,0.000213,NaN
1372291200,NaN,0.000213,NaN
1372377600,0.000176,0.000213,-0.000037
1372464000,NaN,0.000213,NaN
1372550400,NaN,0.000213,NaN
1372636800,0.000160,0.000213,-0.000053
1372723200,NaN,0.000213,NaN
1372809600,NaN,0.000213,NaN
1372896000,NaN,0.000213,NaN
1372982400,NaN,0.000213,NaN
1373068800,NaN,0.000213,NaN
1373155200,NaN,0.000213,NaN
1373241600,NaN,0.000214,NaN
1373328000,NaN,0.000214,NaN
1373414400,NaN,0.000214,NaN
1373500800,NaN,0.000214,NaN
1373587200,NaN,0.000214,NaN
1373673600,NaN,0.000214,NaN
1373760000,NaN,0.000214,NaN
1373846400,NaN,0.000214,NaN
1373932800,NaN,0.000214,NaN
1374019200,NaN,0.000215,NaN
1374105600,NaN,0.000215,NaN
1374192000,NaN,0.000215,NaN
1374278400,NaN,0.000215,NaN
1374364800,NaN,0.000216,NaN
1374451200,NaN,0.000216,NaN
1374537600,0.000321,0.000216,0.000105
1374624000,NaN,0.000217,NaN
1374710400,NaN,0.000217,NaN
1374796800,NaN,0.000217,NaN
1374883200,NaN,0.000217,NaN
1374969600,NaN,0.000218,NaN
1375056000,0.000184,0.000218,-0.000034
1375142400,NaN,0.000218,NaN
1375228800,0.000222,0.000219,0.000003
1375315200,NaN,0.000219,NaN
1375401600,0.000078,0.000219,-0.000141
1375488000,NaN,0.000220,NaN
1375574400,0.000154,0.000220,-0.000066
1375660800,NaN,0.000220,NaN
1375747200,NaN,0.000220,NaN
1375833600,NaN,0.000221,NaN
1375920000,0.000222,0.000221,0.000001
1376006400,NaN,0.000221,NaN
1376092800,NaN,0.000222,NaN
1376179200,0.000168,0.000222,-0.000054
1376265600,NaN,0.000222,NaN
1376352000,0.000324,0.000222,0.000102
1376438400,NaN,0.000223,NaN
1376524800,NaN,0.000223,NaN
1376611200,NaN,0.000223,NaN
1376697600,NaN,0.000223,NaN
1376784000,NaN,0.000223,NaN
1376870400,NaN,0.000223,NaN
1376956800,0.000168,0.000223,-0.000055
1377043200,NaN,0.000222,NaN
1377129600,0.000168,0.000222,-0.000054
1377216000,NaN,0.000222,NaN
1377302400,NaN,0.000222,NaN
1377388800,NaN,0.000222,NaN
1377475200,NaN,0.000222,NaN
1377561600,NaN,0.000222,NaN
1377648000,NaN,0.000222,NaN
1377734400,0.000150,0.000222,-0.000072
1377820800,0.000102,0.000222,-0.000120
1377907200,NaN,0.000221,NaN
1377993600,0.000362,0.000221,0.000141
1378080000,0.000148,0.000221,-0.000073
1378166400,0.000118,0.000221,-0.000103
1378252800,NaN,0.000221,NaN
1378339200,NaN,0.000221,NaN
1378425600,NaN,0.000221,NaN
1378512000,0.000170,0.000221,-0.000051
1378598400,NaN,0.000221,NaN
1378684800,NaN,0.000221,NaN
1378771200,NaN,0.000221,NaN
1378857600,NaN,0.000220,NaN
1378944000,NaN,0.000220,NaN
1379030400,NaN,0.000220,NaN
1379116800,NaN,0.000220,NaN
1379203200,NaN,0.000220,NaN
1379289600,NaN,0.000219,NaN
1379376000,NaN,0.000218,NaN
1379462400,0.000243,0.000218,0.000025
1379548800,NaN,0.000217,NaN
1379635200,NaN,0.000216,NaN
1379721600,NaN,0.000215,NaN
1379808000,NaN,0.000214,NaN
1379894400,NaN,0.000214,NaN
1379980800,NaN,0.000213,NaN
1380067200,0.000166,0.000212,-0.000046
1380153600,0.000700,0.000211,0.000489
1380240000,0.000280,0.000210,0.000070
1380326400,NaN,0.000209,NaN
1380412800,NaN,0.000209,NaN
1380499200,0.000126,0.000208,-0.000082
1380585600,NaN,0.000207,NaN
1380672000,0.000174,0.000206,-0.000032
1380758400,0.000018,0.000205,-0.000187
1380844800,NaN,0.000204,NaN
1380931200,NaN,0.000204,NaN
1381017600,NaN,0.000203,NaN
1381104000,0.000222,0.000202,0.000020
1381190400,NaN,0.000201,NaN
1381276800,0.000403,0.000200,0.000203
1381363200,NaN,0.000200,NaN
1381449600,NaN,0.000199,NaN
1381536000,NaN,0.000198,NaN
1381622400,NaN,0.000197,NaN
1381708800,NaN,0.000196,NaN
1381795200,0.000189,0.000195,-0.000006
1381881600,0.000135,0.000196,-0.000061
1381968000,NaN,0.000196,NaN
1382054400,NaN,0.000196,NaN
1382140800,NaN,0.000196,NaN
1382227200,NaN,0.000196,NaN
1382313600,NaN,0.000196,NaN
1382400000,NaN,0.000196,NaN
1382486400,0.000194,0.000196,-0.000002
1382572800,0.000138,0.000196,-0.000058
1382659200,NaN,0.000196,NaN
1382745600,0.000176,0.000197,-0.000021
1382832000,NaN,0.000197,NaN
1382918400,NaN,0.000197,NaN
1383004800,0.000158,0.000197,-0.000039
1383091200,NaN,0.000197,NaN
1383177600,NaN,0.000197,NaN
1383264000,NaN,0.000197,NaN
1383350400,0.000204,0.000197,0.000007
1383436800,NaN,0.000197,NaN
1383523200,NaN,0.000198,NaN
1383609600,NaN,0.000198,NaN
1383696000,NaN,0.000198,NaN
1383782400,NaN,0.000198,NaN
1383868800,NaN,0.000198,NaN
1383955200,NaN,0.000198,NaN
1384041600,NaN,0.000198,NaN
1384128000,NaN,0.000198,NaN
1384214400,NaN,0.000198,NaN
1384300800,NaN,0.000198,NaN
1384387200,NaN,0.000199,NaN
1384473600,0.000103,0.000199,-0.000096
1384560000,0.000254,0.000200,0.000054
1384646400,NaN,0.000202,NaN
1384732800,NaN,0.000204,NaN
1384819200,NaN,0.000206,NaN
1384905600,NaN,0.000208,NaN
1384992000,NaN,0.000210,NaN
1385078400,NaN,0.000211,NaN
1385164800,NaN,0.000213,NaN
1385251200,NaN,0.000215,NaN
1385337600,NaN,0.000217,NaN
1385424000,NaN,0.000219,NaN
1385510400,NaN,0.000221,NaN
1385596800,NaN,0.000222,NaN
1385683200,0.000486,0.000224,0.000262
1385769600,0.000287,0.000226,0.000061
1385856000,NaN,0.000228,NaN
1385942400,NaN,0.000230,NaN
1386028800,0.000356,0.000232,0.000124
1386115200,NaN,0.000233,NaN
1386201600,0.000270,0.000235,0.000035
1386288000,NaN,0.000237,NaN
1386374400,NaN,0.000239,NaN
1386460800,NaN,0.000241,NaN
1386547200,NaN,0.000243,NaN
1386633600,NaN,0.000244,NaN
1386720000,NaN,0.000246,NaN
1386806400,NaN,0.000248,NaN
1386892800,NaN,0.000250,NaN
1386979200,NaN,0.000252,NaN
1387065600,NaN,0.000254,NaN
1387152000,0.000262,0.000253,0.000009
1387238400,NaN,0.000253,NaN
1387324800,0.000280,0.000252,0.000028
1387411200,NaN,0.000252,NaN
1387497600,NaN,0.000251,NaN
1387584000,NaN,0.000251,NaN
1387670400,NaN,0.000250,NaN
1387756800,NaN,0.000250,NaN
1387843200,NaN,0.000249,NaN
1387929600,NaN,0.000249,NaN
1388016000,NaN,0.000248,NaN
1388102400,NaN,0.000248,NaN
1388188800,NaN,0.000247,NaN
1388275200,0.000142,0.000247,-0.000105
1388361600,NaN,0.000246,NaN
1388448000,NaN,0.000246,NaN
1388534400,NaN,0.000245,NaN
1388620800,NaN,0.000245,NaN
1388707200,0.000274,0.000244,0.000030
1388793600,NaN,0.000244,NaN
1388880000,NaN,0.000243,NaN
1388966400,NaN,0.000243,NaN
1389052800,NaN,0.000242,NaN
1389139200,0.000326,0.000242,0.000084
1389225600,NaN,0.000242,NaN
1389312000,NaN,0.000241,NaN
1389398400,0.000208,0.000241,-0.000033
1389484800,0.000238,0.000240,-0.000002
1389571200,NaN,0.000240,NaN
1389657600,0.000248,0.000239,0.000009
1389744000,0.000250,0.000239,0.000011
1389830400,0.000080,0.000238,-0.000158
1389916800,0.000248,0.000238,0.000010
1390003200,NaN,0.000237,NaN
1390089600,0.000200,0.000237,-0.000037
1390176000,NaN,0.000236,NaN
1390262400,0.000214,0.000236,-0.000022
1390348800,0.000236,0.000235,0.000001
1390435200,NaN,0.000235,NaN
1390521600,NaN,0.000234,NaN
1390608000,NaN,0.000234,NaN
1390694400,NaN,0.000233,NaN
1390780800,NaN,0.000233,NaN
1390867200,NaN,0.000232,NaN
1390953600,NaN,0.000232,NaN
1391040000,NaN,0.000231,NaN
1391126400,0.000258,0.000231,0.000027
1391212800,NaN,0.000230,NaN
1391299200,NaN,0.000230,NaN
1391385600,NaN,0.000229,NaN
1391472000,NaN,0.000229,NaN
1391558400,NaN,0.000228,NaN
1391644800,NaN,0.000228,NaN
1391731200,NaN,0.000227,NaN
1391817600,NaN,0.000227,NaN
1391904000,NaN,0.000227,NaN
1391990400,0.000164,0.000226,-0.000062
1392076800,NaN,0.000226,NaN
1392163200,NaN,0.000225,NaN
1392249600,0.000256,0.000225,0.000031
1392336000,0.000152,0.000224,-0.000072
1392422400,0.000196,0.000224,-0.000028
1392508800,NaN,0.000223,NaN
1392595200,NaN,0.000223,NaN
1392681600,NaN,0.000222,NaN
1392768000,0.000386,0.000222,0.000164
1392854400,NaN,0.000221,NaN
1392940800,0.000256,0.000221,0.000035
1393027200,NaN,0.000220,NaN
1393113600,NaN,0.000220,NaN
1393200000,NaN,0.000219,NaN
1393286400,NaN,0.000219,NaN
1393372800,NaN,0.000218,NaN
1393459200,NaN,0.000218,NaN
1393545600,NaN,0.000218,NaN
1393632000,NaN,0.000217,NaN
1393718400,0.000256,0.000217,0.000039
1393804800,NaN,0.000216,NaN
1393891200,NaN,0.000216,NaN
1393977600,NaN,0.000215,NaN
1394064000,NaN,0.000215,NaN
1394150400,NaN,0.000214,NaN
1394236800,NaN,0.000214,NaN
1394323200,NaN,0.000213,NaN
1394409600,NaN,0.000213,NaN
1394496000,0.000206,0.000212,-0.000006
1394582400,NaN,0.000212,NaN
1394668800,0.000196,0.000211,-0.000015
1394755200,NaN,0.000211,NaN
1394841600,NaN,0.000211,NaN
1394928000,NaN,0.000209,NaN
1395014400,NaN,0.000208,NaN
1395100800,0.000206,0.000206,-0.000000
1395187200,0.000156,0.000205,-0.000049
1395273600,0.000192,0.000203,-0.000011
1395360000,NaN,0.000202,NaN
1395446400,0.000237,0.000201,0.000036
1395532800,NaN,0.000199,NaN
1395619200,NaN,0.000198,NaN
1395705600,NaN,0.000196,NaN
1395792000,NaN,0.000195,NaN
1395878400,NaN,0.000193,NaN
1395964800,NaN,0.000192,NaN
1396051200,NaN,0.000191,NaN
1396137600,NaN,0.000189,NaN
1396224000,NaN,0.000188,NaN
1396310400,0.000156,0.000186,-0.000030
1396396800,NaN,0.000185,NaN
1396483200,NaN,0.000183,NaN
1396569600,NaN,0.000182,NaN
1396656000,NaN,0.000180,NaN
1396742400,NaN,0.000179,NaN
1396828800,NaN,0.000178,NaN
1396915200,0.000278,0.000176,0.000102
1397001600,NaN,0.000175,NaN
1397088000,0.000168,0.000173,-0.000005
1397174400,0.000166,0.000172,-0.000006
1397260800,0.000196,0.000170,0.000026
1397347200,NaN,0.000169,NaN
1397433600,NaN,0.000168,NaN
1397520000,NaN,0.000166,NaN
1397606400,NaN,0.000167,NaN
1397692800,NaN,0.000168,NaN
1397779200,NaN,0.000168,NaN
1397865600,0.000122,0.000169,-0.000047
1397952000,NaN,0.000170,NaN
1398038400,NaN,0.000171,NaN
1398124800,NaN,0.000171,NaN
1398211200,NaN,0.000172,NaN
1398297600,0.000051,0.000173,-0.000122
1398384000,NaN,0.000173,NaN
1398470400,NaN,0.000174,NaN
1398556800,NaN,0.000175,NaN
1398643200,NaN,0.000176,NaN
1398729600,NaN,0.000176,NaN
1398816000,NaN,0.000177,NaN
1398902400,NaN,0.000178,NaN
1398988800,NaN,0.000178,NaN
1399075200,0.000066,0.000179,-0.000113
1399161600,0.000047,0.000180,-0.000133
1399248000,NaN,0.000181,NaN
1399334400,NaN,0.000181,NaN
1399420800,NaN,0.000182,NaN
1399507200,NaN,0.000183,NaN
1399593600,NaN,0.000183,NaN
1399680000,NaN,0.000184,NaN
1399766400,NaN,0.000185,NaN
1399852800,NaN,0.000186,NaN
1399939200,NaN,0.000186,NaN
1400025600,NaN,0.000187,NaN
1400112000,0.000080,0.000188,-0.000108
1400198400,0.000146,0.000189,-0.000043
1400284800,NaN,0.000189,NaN
1400371200,NaN,0.000190,NaN
1400457600,0.000130,0.000191,-0.000061
1400544000,NaN,0.000192,NaN
1400630400,0.000122,0.000192,-0.000070
1400716800,0.000232,0.000193,0.000039
1400803200,NaN,0.000194,NaN
1400889600,NaN,0.000195,NaN
1400976000,NaN,0.000196,NaN
1401062400,NaN,0.000196,NaN
1401148800,NaN,0.000197,NaN
1401235200,NaN,0.000198,NaN
1401321600,0.000164,0.000199,-0.000035
1401408000,0.000169,0.000199,-0.000030
1401494400,NaN,0.000200,NaN
1401580800,NaN,0.000201,NaN
1401667200,NaN,0.000202,NaN
1401753600,NaN,0.000203,NaN
1401840000,NaN,0.000203,NaN
1401926400,0.000196,0.000204,-0.000008
1402012800,0.000108,0.000205,-0.000097
1402099200,0.000142,0.000206,-0.000064
1402185600,0.000182,0.000206,-0.000024
1402272000,0.000210,0.000207,0.000003
1402358400,NaN,0.000208,NaN
1402444800,0.000182,0.000209,-0.000027
1402531200,NaN,0.000210,NaN
1402617600,NaN,0.000210,NaN
1402704000,NaN,0.000211,NaN
1402790400,NaN,0.000212,NaN
1402876800,NaN,0.000212,NaN
1402963200,NaN,0.000212,NaN
1403049600,NaN,0.000212,NaN
1403136000,NaN,0.000212,NaN
1403222400,0.000196,0.000212,-0.000016
1403308800,0.000150,0.000212,-0.000062
1403395200,NaN,0.000212,NaN
1403481600,NaN,0.000212,NaN
1403568000,NaN,0.000212,NaN
1403654400,NaN,0.000213,NaN
1403740800,NaN,0.000213,NaN
1403827200,NaN,0.000213,NaN
1403913600,NaN,0.000213,NaN
1404000000,NaN,0.000213,NaN
1404086400,0.000236,0.000213,0.000023
1404172800,NaN,0.000213,NaN
1404259200,NaN,0.000213,NaN
1404345600,NaN,0.000213,NaN
1404432000,NaN,0.000213,NaN
1404518400,NaN,0.000213,NaN
1404604800,0.000210,0.000213,-0.000003
1404691200,0.000247,0.000213,0.000034
1404777600,0.000152,0.000214,-0.000062
1404864000,NaN,0.000214,NaN
1404950400,0.000364,0.000214,0.000150
1405036800,0.000277,0.000214,0.000063
1405123200,NaN,0.000214,NaN
1405209600,0.000232,0.000214,0.000018
1405296000,NaN,0.000214,NaN
1405382400,NaN,0.000214,NaN
1405468800,NaN,0.000214,NaN
1405555200,NaN,0.000215,NaN
1405641600,NaN,0.000215,NaN
1405728000,NaN,0.000215,NaN
1405814400,NaN,0.000215,NaN
1405900800,NaN,0.000216,NaN
1405987200,NaN,0.000216,NaN
1406073600,NaN,0.000216,NaN
1406160000,NaN,0.000217,NaN
1406246400,0.000176,0.000217,-0.000041
1406332800,0.000244,0.000217,0.000027
1406419200,0.000282,0.000217,0.000065
1406505600,NaN,0.000218,NaN
1406592000,NaN,0.000218,NaN
1406678400,NaN,0.000218,NaN
1406764800,NaN,0.000219,NaN
1406851200,NaN,0.000219,NaN
1406937600,NaN,0.000219,NaN
1407024000,0.000216,0.000220,-0.000004
1407110400,NaN,0.000220,NaN
1407196800,NaN,0.000220,NaN
1407283200,NaN,0.000220,NaN
1407369600,NaN,0.000221,NaN
1407456000,0.000114,0.000221,-0.000107
1407542400,NaN,0.000221,NaN
1407628800,0.000070,0.000222,-0.000152
1407715200,0.000104,0.000222,-0.000118
1407801600,NaN,0.000222,NaN
1407888000,NaN,0.000222,NaN
1407974400,NaN,0.000223,NaN
1408060800,NaN,0.000223,NaN
1408147200,NaN,0.000223,NaN
1408233600,0.000158,0.000223,-0.000065
1408320000,0.000291,0.000223,0.000068
1408406400,NaN,0.000223,NaN
1408492800,NaN,0.000223,NaN
1408579200,NaN,0.000222,NaN
1408665600,NaN,0.000222,NaN
1408752000,NaN,0.000222,NaN
1408838400,NaN,0.000222,NaN
1408924800,NaN,0.000222,NaN
1409011200,NaN,0.000222,NaN
1409097600,NaN,0.000222,NaN
1409184000,NaN,0.000222,NaN
1409270400,NaN,0.000222,NaN
1409356800,NaN,0.000222,NaN
1409443200,NaN,0.000221,NaN
1409529600,0.000206,0.000221,-0.000015
1409616000,0.000284,0.000221,0.000063
1409702400,0.000158,0.000221,-0.000063
1409788800,NaN,0.000221,NaN
1409875200,0.000258,0.000221,0.000037
1409961600,NaN,0.000221,NaN
1410048000,NaN,0.000221,NaN
1410134400,0.000148,0.000221,-0.000073
1410220800,NaN,0.000221,NaN
1410307200,NaN,0.000221,NaN
1410393600,NaN,0.000220,NaN
1410480000,0.000198,0.000220,-0.000022
1410566400,NaN,0.000220,NaN
1410652800,NaN,0.000220,NaN
1410739200,NaN,0.000220,NaN
1410825600,NaN,0.000219,NaN
1410912000,NaN,0.000218,NaN
1410998400,NaN,0.000218,NaN
1411084800,NaN,0.000217,NaN
1411171200,NaN,0.000216,NaN
1411257600,NaN,0.000215,NaN
1411344000,0.000052,0.000214,-0.000162
1411430400,NaN,0.000214,NaN
1411516800,NaN,0.000213,NaN
1411603200,NaN,0.000212,NaN
1411689600,NaN,0.000211,NaN
1411776000,NaN,0.000210,NaN
1411862400,NaN,0.000209,NaN
1411948800,NaN,0.000209,NaN
1412035200,0.000204,0.000208,-0.000004
1412121600,0.000242,0.000207,0.000035
1412208000,NaN,0.000206,NaN
1412294400,0.000272,0.000205,0.000067
1412380800,0.000178,0.000204,-0.000026
1412467200,0.000176,0.000204,-0.000028
1412553600,NaN,0.000203,NaN
1412640000,0.000182,0.000202,-0.000020
1412726400,0.000192,0.000201,-0.000009
1412812800,NaN,0.000200,NaN
1412899200,NaN,0.000200,NaN
1412985600,0.000170,0.000199,-0.000029
1413072000,NaN,0.000198,NaN
1413158400,0.000336,0.000197,0.000139
1413244800,0.000216,0.000196,0.000020
1413331200,0.000144,0.000195,-0.000051
1413417600,0.000158,0.000196,-0.000038
1413504000,NaN,0.000196,NaN
1413590400,0.000156,0.000196,-0.000040
1413676800,NaN,0.000196,NaN
1413763200,NaN,0.000196,NaN
1413849600,0.000170,0.000196,-0.000026
1413936000,NaN,0.000196,NaN
1414022400,NaN,0.000196,NaN
1414108800,0.000376,0.000196,0.000180
1414195200,0.000160,0.000196,-0.000036
1414281600,NaN,0.000197,NaN
1414368000,NaN,0.000197,NaN
1414454400,NaN,0.000197,NaN
1414540800,0.000028,0.000197,-0.000169
1414627200,NaN,0.000197,NaN
1414713600,0.000004,0.000197,-0.000193
1414800000,0.000144,0.000197,-0.000053
1414886400,NaN,0.000197,NaN
1414972800,NaN,0.000197,NaN
1415059200,NaN,0.000198,NaN
1415145600,NaN,0.000198,NaN
1415232000,NaN,0.000198,NaN
1415318400,NaN,0.000198,NaN
1415404800,NaN,0.000198,NaN
1415491200,0.000146,0.000198,-0.000052
1415577600,NaN,0.000198,NaN
1415664000,NaN,0.000198,NaN
1415750400,NaN,0.000198,NaN
1415836800,NaN,0.000198,NaN
1415923200,NaN,0.000199,NaN
1416009600,NaN,0.000199,NaN
1416096000,NaN,0.000200,NaN
1416182400,NaN,0.000202,NaN
1416268800,NaN,0.000204,NaN
1416355200,NaN,0.000206,NaN
1416441600,0.000108,0.000208,-0.000100
1416528000,NaN,0.000210,NaN
1416614400,NaN,0.000211,NaN
1416700800,NaN,0.000213,NaN
1416787200,NaN,0.000215,NaN
1416873600,NaN,0.000217,NaN
1416960000,0.000214,0.000219,-0.000005
1417046400,0.000312,0.000221,0.000091
1417132800,0.000212,0.000222,-0.000010
1417219200,0.000170,0.000224,-0.000054
1417305600,0.000132,0.000226,-0.000094
1417392000,0.000224,0.000228,-0.000004
1417478400,NaN,0.000230,NaN
1417564800,0.000088,0.000232,-0.000144
1417651200,NaN,0.000233,NaN
1417737600,0.000206,0.000235,-0.000029
1417824000,NaN,0.000237,NaN
1417910400,NaN,0.000239,NaN
1417996800,NaN,0.000241,NaN
1418083200,NaN,0.000243,NaN
1418169600,0.000178,0.000244,-0.000066
1418256000,NaN,0.000246,NaN
1418342400,NaN,0.000248,NaN
1418428800,NaN,0.000250,NaN
1418515200,NaN,0.000252,NaN
1418601600,NaN,0.000254,NaN
1418688000,NaN,0.000253,NaN
1418774400,NaN,0.000253,NaN
1418860800,NaN,0.000252,NaN
1418947200,NaN,0.000252,NaN
1419033600,NaN,0.000251,NaN
1419120000,NaN,0.000251,NaN
1419206400,0.000194,0.000250,-0.000056
1419292800,NaN,0.000250,NaN
1419379200,NaN,0.000249,NaN
1419465600,NaN,0.000249,NaN
1419552000,NaN,0.000248,NaN
1419638400,NaN,0.000248,NaN
1419724800,NaN,0.000247,NaN
1419811200,NaN,0.000247,NaN
1419897600,NaN,0.000246,NaN
1419984000,NaN,0.000246,NaN
1420070400,NaN,0.000245,NaN
1420156800,NaN,0.000245,NaN
1420243200,NaN,0.000244,NaN
1420329600,NaN,0.000244,NaN
1420416000,NaN,0.000243,NaN
1420502400,NaN,0.000243,NaN
1420588800,NaN,0.000242,NaN
1420675200,NaN,0.000242,NaN
1420761600,NaN,0.000242,NaN
1420848000,NaN,0.000241,NaN
1420934400,NaN,0.000241,NaN
1421020800,NaN,0.000240,NaN
1421107200,NaN,0.000240,NaN
1421193600,NaN,0.000239,NaN
1421280000,NaN,0.000239,NaN
1421366400,NaN,0.000238,NaN
1421452800,0.000100,0.000238,-0.000138
1421539200,NaN,0.000237,NaN
1421625600,NaN,0.000237,NaN
1421712000,0.000272,0.000236,0.000036
1421798400,NaN,0.000236,NaN
1421884800,NaN,0.000235,NaN
1421971200,NaN,0.000235,NaN
1422057600,0.000174,0.000234,-0.000060
1422144000,NaN,0.000234,NaN
1422230400,NaN,0.000233,NaN
1422316800,0.000272,0.000233,0.000039
1422403200,0.000354,0.000232,0.000122
1422489600,0.000252,0.000232,0.000020
1422576000,NaN,0.000231,NaN
1422662400,NaN,0.000231,NaN
1422748800,NaN,0.000230,NaN
1422835200,NaN,0.000230,NaN
1422921600,NaN,0.000229,NaN
1423008000,NaN,0.000229,NaN
1423094400,NaN,0.000228,NaN
1423180800,NaN,0.000228,NaN
1423267200,0.000149,0.000227,-0.000078
1423353600,0.000254,0.000227,0.000027
1423440000,NaN,0.000227,NaN
1423526400,0.000236,0.000226,0.000010
1423612800,0.000036,0.000226,-0.000190
1423699200,0.000222,0.000225,-0.000003
1423785600,NaN,0.000225,NaN
1423872000,0.000164,0.000224,-0.000060
1423958400,NaN,0.000224,NaN
1424044800,NaN,0.000223,NaN
1424131200,NaN,0.000223,NaN
1424217600,NaN,0.000222,NaN
1424304000,0.000210,0.000222,-0.000012
1424390400,NaN,0.000221,NaN
1424476800,NaN,0.000221,NaN
1424563200,NaN,0.000220,NaN
1424649600,NaN,0.000220,NaN
1424736000,NaN,0.000219,NaN
1424822400,NaN,0.000219,NaN
1424908800,NaN,0.000218,NaN
1424995200,NaN,0.000218,NaN
1425081600,NaN,0.000218,NaN
1425168000,NaN,0.000217,NaN
1425254400,0.000384,0.000217,0.000167
1425340800,0.000188,0.000216,-0.000028
1425427200,0.000304,0.000216,0.000088
1425513600,NaN,0.000215,NaN
1425600000,NaN,0.000215,NaN
1425686400,NaN,0.000214,NaN
1425772800,NaN,0.000214,NaN
1425859200,NaN,0.000213,NaN
1425945600,NaN,0.000213,NaN
1426032000,NaN,0.000212,NaN
1426118400,NaN,0.000212,NaN
1426204800,NaN,0.000211,NaN
1426291200,NaN,0.000211,NaN
1426377600,NaN,0.000211,NaN
1426464000,0.000304,0.000209,0.000095
1426550400,NaN,0.000208,NaN
1426636800,NaN,0.000206,NaN
1426723200,0.000110,0.000205,-0.000095
1426809600,NaN,0.000203,NaN
1426896000,NaN,0.000202,NaN
1426982400,NaN,0.000201,NaN
1427068800,NaN,0.000199,NaN
1427155200,NaN,0.000198,NaN
1427241600,NaN,0.000196,NaN
1427328000,NaN,0.000195,NaN
1427414400,NaN,0.000193,NaN
1427500800,0.000152,0.000192,-0.000040
1427587200,NaN,0.000191,NaN
1427673600,NaN,0.000189,NaN
1427760000,NaN,0.000188,NaN
1427846400,NaN,0.000186,NaN
1427932800,NaN,0.000185,NaN
1428019200,NaN,0.000183,NaN
1428105600,NaN,0.000182,NaN
1428192000,NaN,0.000180,NaN
1428278400,0.000224,0.000179,0.000045
1428364800,0.000244,0.000178,0.000066
1428451200,NaN,0.000176,NaN
1428537600,NaN,0.000175,NaN
1428624000,NaN,0.000173,NaN
1428710400,NaN,0.000172,NaN
1428796800,NaN,0.000170,NaN
1428883200,NaN,0.000169,NaN
1428969600,NaN,0.000168,NaN
1429056000,NaN,0.000166,NaN
1429142400,NaN,0.000167,NaN
1429228800,NaN,0.000168,NaN
1429315200,NaN,0.000168,NaN
1429401600,NaN,0.000169,NaN
1429488000,0.000159,0.000170,-0.000011
1429574400,NaN,0.000171,NaN
1429660800,NaN,0.000171,NaN
1429747200,NaN,0.000172,NaN
1429833600,NaN,0.000173,NaN
1429920000,NaN,0.000173,NaN
1430006400,NaN,0.000174,NaN
1430092800,NaN,0.000175,NaN
1430179200,NaN,0.000176,NaN
1430265600,NaN,0.000176,NaN
1430352000,0.000172,0.000177,-0.000005
1430438400,0.000156,0.000178,-0.000022
1430524800,0.000048,0.000178,-0.000130
1430611200,NaN,0.000179,NaN
1430697600,0.000106,0.000180,-0.000074
1430784000,NaN,0.000181,NaN
1430870400,0.000136,0.000181,-0.000045
1430956800,NaN,0.000182,NaN
1431043200,0.000136,0.000183,-0.000047
1431129600,NaN,0.000183,NaN
1431216000,NaN,0.000184,NaN
1431302400,NaN,0.000185,NaN
1431388800,NaN,0.000186,NaN
1431475200,NaN,0.000186,NaN
1431561600,NaN,0.000187,NaN
1431648000,NaN,0.000188,NaN
1431734400,NaN,0.000189,NaN
1431820800,NaN,0.000189,NaN
1431907200,NaN,0.000190,NaN
1431993600,NaN,0.000191,NaN
1432080000,NaN,0.000192,NaN
1432166400,NaN,0.000192,NaN
1432252800,NaN,0.000193,NaN
1432339200,NaN,0.000194,NaN
1432425600,NaN,0.000195,NaN
1432512000,NaN,0.000196,NaN
1432598400,NaN,0.000196,NaN
1432684800,NaN,0.000197,NaN
1432771200,NaN,0.000198,NaN
1432857600,NaN,0.000199,NaN
1432944000,NaN,0.000199,NaN
1433030400,NaN,0.000200,NaN
1433116800,0.000240,0.000201,0.000039
1433203200,0.000196,0.000202,-0.000006
1433289600,0.000448,0.000203,0.000245
1433376000,0.000156,0.000203,-0.000047
1433462400,0.000318,0.000204,0.000114
1433548800,NaN,0.000205,NaN
1433635200,0.000118,0.000206,-0.000088
1433721600,NaN,0.000206,NaN
1433808000,NaN,0.000207,NaN
1433894400,0.000138,0.000208,-0.000070
1433980800,NaN,0.000209,NaN
1434067200,NaN,0.000210,NaN
1434153600,NaN,0.000210,NaN
1434240000,NaN,0.000211,NaN
1434326400,NaN,0.000212,NaN
1434412800,NaN,0.000212,NaN
1434499200,NaN,0.000212,NaN
1434585600,NaN,0.000212,NaN
1434672000,NaN,0.000212,NaN
1434758400,NaN,0.000212,NaN
1434844800,NaN,0.000212,NaN
1434931200,NaN,0.000212,NaN
1435017600,0.000156,0.000212,-0.000056
1435104000,NaN,0.000212,NaN
1435190400,0.000462,0.000213,0.000249
1435276800,0.000220,0.000213,0.000007
1435363200,NaN,0.000213,NaN
1435449600,NaN,0.000213,NaN
1435536000,NaN,0.000213,NaN
1435622400,NaN,0.000213,NaN
1435708800,NaN,0.000213,NaN
1435795200,NaN,0.000213,NaN
1435881600,NaN,0.000213,NaN
1435968000,NaN,0.000213,NaN
1436054400,NaN,0.000213,NaN
1436140800,NaN,0.000213,NaN
1436227200,NaN,0.000213,NaN
1436313600,NaN,0.000214,NaN
1436400000,NaN,0.000214,NaN
1436486400,NaN,0.000214,NaN
1436572800,NaN,0.000214,NaN
1436659200,0.000212,0.000214,-0.000002
1436745600,NaN,0.000214,NaN
1436832000,NaN,0.000214,NaN
1436918400,NaN,0.000214,NaN
1437004800,NaN,0.000214,NaN
1437091200,NaN,0.000215,NaN
1437177600,0.000182,0.000215,-0.000033
1437264000,NaN,0.000215,NaN
1437350400,NaN,0.000215,NaN
1437436800,0.000340,0.000216,0.000124
1437523200,NaN,0.000216,NaN
1437609600,NaN,0.000216,NaN
1437696000,NaN,0.000217,NaN
1437782400,NaN,0.000217,NaN
1437868800,NaN,0.000217,NaN
1437955200,NaN,0.000217,NaN
1438041600,0.000212,0.000218,-0.000006
1438128000,NaN,0.000218,NaN
1438214400,NaN,0.000218,NaN
1438300800,NaN,0.000219,NaN
1438387200,NaN,0.000219,NaN
1438473600,NaN,0.000219,NaN
1438560000,NaN,0.000220,NaN
1438646400,0.000342,0.000220,0.000122
1438732800,0.000310,0.000220,0.000090
1438819200,NaN,0.000220,NaN
1438905600,NaN,0.000221,NaN
1438992000,0.000330,0.000221,0.000109
1439078400,NaN,0.000221,NaN
1439164800,NaN,0.000222,NaN
1439251200,NaN,0.000222,NaN
1439337600,NaN,0.000222,NaN
1439424000,0.000478,0.000222,0.000256
1439510400,NaN,0.000223,NaN
1439596800,NaN,0.000223,NaN
1439683200,NaN,0.000223,NaN
1439769600,NaN,0.000223,NaN
1439856000,NaN,0.000223,NaN
1439942400,NaN,0.000223,NaN
1440028800,0.000192,0.000223,-0.000031
1440115200,NaN,0.000222,NaN
1440201600,0.000192,0.000222,-0.000030
1440288000,0.000243,0.000222,0.000021
1440374400,NaN,0.000222,NaN
1440460800,NaN,0.000222,NaN
1440547200,0.000194,0.000222,-0.000028
1440633600,NaN,0.000222,NaN
1440720000,0.000174,0.000222,-0.000048
1440806400,0.000364,0.000222,0.000142
1440892800,NaN,0.000222,NaN
1440979200,NaN,0.000221,NaN
1441065600,NaN,0.000221,NaN
1441152000,NaN,0.000221,NaN
1441238400,NaN,0.000221,NaN
1441324800,NaN,0.000221,NaN
1441411200,0.000256,0.000221,0.000035
1441497600,NaN,0.000221,NaN
1441584000,0.000112,0.000221,-0.000109
1441670400,0.000232,0.000221,0.000011
1441756800,NaN,0.000221,NaN
1441843200,NaN,0.000221,NaN
1441929600,NaN,0.000220,NaN
1442016000,NaN,0.000220,NaN
1442102400,NaN,0.000220,NaN
1442188800,NaN,0.000220,NaN
1442275200,NaN,0.000220,NaN
1442361600,NaN,0.000219,NaN
1442448000,NaN,0.000218,NaN
1442534400,NaN,0.000218,NaN
1442620800,NaN,0.000217,NaN
1442707200,NaN,0.000216,NaN
1442793600,NaN,0.000215,NaN
1442880000,0.000208,0.000214,-0.000006
1442966400,NaN,0.000214,NaN
1443052800,NaN,0.000213,NaN
1443139200,NaN,0.000212,NaN
1443225600,NaN,0.000211,NaN
1443312000,0.000174,0.000210,-0.000036
1443398400,0.000220,0.000209,0.000011
1443484800,NaN,0.000209,NaN
1443571200,NaN,0.000208,NaN
1443657600,0.000253,0.000207,0.000046
1443744000,0.000110,0.000206,-0.000096
1443830400,NaN,0.000205,NaN
1443916800,0.000252,0.000204,0.000048
1444003200,NaN,0.000204,NaN
1444089600,0.000214,0.000203,0.000011
1444176000,0.000154,0.000202,-0.000048
1444262400,NaN,0.000201,NaN
1444348800,NaN,0.000200,NaN
1444435200,NaN,0.000200,NaN
1444521600,0.000236,0.000199,0.000037
1444608000,0.000144,0.000198,-0.000054
1444694400,0.000240,0.000197,0.000043
1444780800,0.000138,0.000196,-0.000058
1444867200,0.000164,0.000195,-0.000031
1444953600,NaN,0.000196,NaN
1445040000,NaN,0.000196,NaN
1445126400,NaN,0.000196,NaN
1445212800,NaN,0.000196,NaN
1445299200,NaN,0.000196,NaN
1445385600,NaN,0.000196,NaN
1445472000,NaN,0.000196,NaN
1445558400,NaN,0.000196,NaN
1445644800,NaN,0.000196,NaN
1445731200,NaN,0.000196,NaN
1445817600,NaN,0.000197,NaN
1445904000,NaN,0.000197,NaN
1445990400,NaN,0.000197,NaN
1446076800,NaN,0.000197,NaN
1446163200,NaN,0.000197,NaN
1446249600,NaN,0.000197,NaN
1446336000,NaN,0.000197,NaN
1446422400,0.000228,0.000197,0.000031
1446508800,NaN,0.000197,NaN
1446595200,0.000195,0.000198,-0.000003
1446681600,NaN,0.000198,NaN
1446768000,0.000302,0.000198,0.000104
1446854400,NaN,0.000198,NaN
1446940800,NaN,0.000198,NaN
1447027200,NaN,0.000198,NaN
1447113600,NaN,0.000198,NaN
1447200000,NaN,0.000198,NaN
1447286400,NaN,0.000198,NaN
1447372800,0.000256,0.000198,0.000058
1447459200,NaN,0.000199,NaN
1447545600,NaN,0.000199,NaN
1447632000,NaN,0.000200,NaN
1447718400,NaN,0.000202,NaN
1447804800,NaN,0.000204,NaN
1447891200,NaN,0.000206,NaN
1447977600,NaN,0.000208,NaN
1448064000,NaN,0.000210,NaN
1448150400,NaN,0.000211,NaN
1448236800,NaN,0.000213,NaN
1448323200,NaN,0.000215,NaN
1448409600,0.000149,0.000217,-0.000068
1448496000,NaN,0.000219,NaN
1448582400,NaN,0.000221,NaN
1448668800,NaN,0.000222,NaN
1448755200,0.000190,0.000224,-0.000034
1448841600,NaN,0.000226,NaN
1448928000,NaN,0.000228,NaN
1449014400,NaN,0.000230,NaN
1449100800,NaN,0.000232,NaN
1449187200,NaN,0.000233,NaN
1449273600,NaN,0.000235,NaN
1449360000,NaN,0.000237,NaN
1449446400,NaN,0.000239,NaN
1449532800,0.000077,0.000241,-0.000164
1449619200,0.000120,0.000243,-0.000123
1449705600,NaN,0.000244,NaN
1449792000,NaN,0.000246,NaN
1449878400,NaN,0.000248,NaN
1449964800,NaN,0.000250,NaN
1450051200,0.000316,0.000252,0.000064
1450137600,0.000206,0.000254,-0.000048
1450224000,NaN,0.000253,NaN
1450310400,NaN,0.000253,NaN
1450396800,0.000232,0.000252,-0.000020
1450483200,NaN,0.000252,NaN
1450569600,NaN,0.000251,NaN
1450656000,NaN,0.000251,NaN
1450742400,NaN,0.000250,NaN
1450828800,NaN,0.000250,NaN
1450915200,NaN,0.000249,NaN
1451001600,NaN,0.000249,NaN
1451088000,NaN,0.000248,NaN
1451174400,NaN,0.000248,NaN
1451260800,NaN,0.000247,NaN
1451347200,NaN,0.000247,NaN
1451433600,NaN,0.000246,NaN
1451520000,NaN,0.000246,NaN
1451606400,NaN,0.000245,NaN
1451692800,NaN,0.000245,NaN
1451779200,NaN,0.000244,NaN
1451865600,0.000084,0.000244,-0.000160
1451952000,NaN,0.000243,NaN
1452038400,NaN,0.000243,NaN
1452124800,0.000264,0.000242,0.000022
1452211200,NaN,0.000242,NaN
1452297600,0.000212,0.000242,-0.000030
1452384000,NaN,0.000241,NaN
1452470400,NaN,0.000241,NaN
1452556800,NaN,0.000240,NaN
1452643200,NaN,0.000240,NaN
1452729600,NaN,0.000239,NaN
1452816000,NaN,0.000239,NaN
1452902400,NaN,0.000238,NaN
1452988800,NaN,0.000238,NaN
1453075200,0.000202,0.000237,-0.000035
1453161600,NaN,0.000237,NaN
1453248000,0.000120,0.000236,-0.000116
1453334400,0.000184,0.000236,-0.000052
1453420800,NaN,0.000235,NaN
1453507200,0.000218,0.000235,-0.000017
1453593600,NaN,0.000234,NaN
1453680000,NaN,0.000234,NaN
1453766400,NaN,0.000233,NaN
1453852800,NaN,0.000233,NaN
1453939200,0.000302,0.000232,0.000070
1454025600,NaN,0.000232,NaN
1454112000,NaN,0.000231,NaN
1454198400,0.000264,0.000231,0.000033
1454284800,0.000313,0.000230,0.000083
1454371200,NaN,0.000230,NaN
1454457600,NaN,0.000229,NaN
1454544000,0.000320,0.000229,0.000091
1454630400,0.000252,0.000228,0.000024
1454716800,NaN,0.000228,NaN
1454803200,0.000398,0.000227,0.000171
1454889600,NaN,0.000227,NaN
1454976000,0.000438,0.000227,0.000211
1455062400,0.000272,0.000226,0.000046
1455148800,0.000328,0.000226,0.000102
1455235200,0.000254,0.000225,0.000029
1455321600,0.000254,0.000225,0.000029
1455408000,NaN,0.000224,NaN
1455494400,NaN,0.000224,NaN
1455580800,0.000266,0.000223,0.000043
1455667200,0.000180,0.000223,-0.000043
1455753600,0.000258,0.000222,0.000036
1455840000,NaN,0.000222,NaN
1455926400,NaN,0.000221,NaN
1456012800,NaN,0.000221,NaN
1456099200,NaN,0.000220,NaN
1456185600,NaN,0.000220,NaN
1456272000,NaN,0.000219,NaN
1456358400,0.000306,0.000219,0.000087
1456444800,0.000350,0.000218,0.000132
1456531200,NaN,0.000218,NaN
1456617600,NaN,0.000218,NaN
1456704000,0.000202,0.000217,-0.000015
1456790400,0.000266,0.000217,0.000049
1456876800,NaN,0.000216,NaN
1456963200,NaN,0.000216,NaN
1457049600,0.000188,0.000215,-0.000027
1457136000,NaN,0.000215,NaN
1457222400,NaN,0.000214,NaN
1457308800,0.000227,0.000214,0.000013
1457395200,NaN,0.000213,NaN
1457481600,NaN,0.000213,NaN
1457568000,NaN,0.000212,NaN
1457654400,NaN,0.000212,NaN
1457740800,NaN,0.000211,NaN
1457827200,NaN,0.000211,NaN
1457913600,NaN,0.000211,NaN
1458000000,NaN,0.000209,NaN
1458086400,NaN,0.000208,NaN
1458172800,NaN,0.000206,NaN
1458259200,NaN,0.000205,NaN
1458345600,NaN,0.000203,NaN
1458432000,NaN,0.000202,NaN
1458518400,NaN,0.000201,NaN
1458604800,NaN,0.000199,NaN
1458691200,NaN,0.000198,NaN
1458777600,NaN,0.000196,NaN
1458864000,0.000234,0.000195,0.000039
1458950400,NaN,0.000193,NaN
1459036800,NaN,0.000192,NaN
1459123200,NaN,0.000191,NaN
1459209600,NaN,0.000189,NaN
1459296000,NaN,0.000188,NaN
1459382400,NaN,0.000186,NaN
1459468800,NaN,0.000185,NaN
1459555200,NaN,0.000183,NaN
1459641600,NaN,0.000182,NaN
1459728000,0.000208,0.000180,0.000028
1459814400,NaN,0.000179,NaN
1459900800,NaN,0.000178,NaN
1459987200,0.000148,0.000176,-0.000028
1460073600,NaN,0.000175,NaN
1460160000,NaN,0.000173,NaN
1460246400,NaN,0.000172,NaN
1460332800,NaN,0.000170,NaN
1460419200,NaN,0.000169,NaN
1460505600,NaN,0.000168,NaN
1460592000,NaN,0.000166,NaN
1460678400,NaN,0.000167,NaN
1460764800,NaN,0.000168,NaN
1460851200,NaN,0.000168,NaN
1460937600,NaN,0.000169,NaN
1461024000,NaN,0.000170,NaN
1461110400,NaN,0.000171,NaN
1461196800,NaN,0.000171,NaN
1461283200,0.000140,0.000172,-0.000032
1461369600,NaN,0.000173,NaN
1461456000,NaN,0.000173,NaN
1461542400,NaN,0.000174,NaN
1461628800,NaN,0.000175,NaN
1461715200,NaN,0.000176,NaN
1461801600,NaN,0.000176,NaN
1461888000,NaN,0.000177,NaN
1461974400,NaN,0.000178,NaN
1462060800,NaN,0.000178,NaN
1462147200,NaN,0.000179,NaN
1462233600,NaN,0.000180,NaN
1462320000,0.000152,0.000181,-0.000029
1462406400,NaN,0.000181,NaN
1462492800,0.000138,0.000182,-0.000044
1462579200,NaN,0.000183,NaN
1462665600,NaN,0.000183,NaN
1462752000,NaN,0.000184,NaN
1462838400,0.000156,0.000185,-0.000029
1462924800,NaN,0.000186,NaN
1463011200,NaN,0.000186,NaN
1463097600,0.000218,0.000187,0.000031
1463184000,NaN,0.000188,NaN
1463270400,NaN,0.000189,NaN
1463356800,NaN,0.000189,NaN
1463443200,NaN,0.000190,NaN
1463529600,NaN,0.000191,NaN
1463616000,NaN,0.000192,NaN
1463702400,NaN,0.000192,NaN
1463788800,NaN,0.000193,NaN
1463875200,NaN,0.000194,NaN
1463961600,NaN,0.000195,NaN
1464048000,NaN,0.000196,NaN
1464134400,NaN,0.000196,NaN
1464220800,NaN,0.000197,NaN
1464307200,NaN,0.000198,NaN
1464393600,0.000282,0.000199,0.000083
1464480000,NaN,0.000199,NaN
1464566400,NaN,0.000200,NaN
1464652800,0.000114,0.000201,-0.000087
1464739200,NaN,0.000202,NaN
1464825600,NaN,0.000203,NaN
1464912000,NaN,0.000203,NaN
1464998400,NaN,0.000204,NaN
1465084800,0.000350,0.000205,0.000145
1465171200,NaN,0.000206,NaN
1465257600,0.000148,0.000206,-0.000058
1465344000,NaN,0.000207,NaN
1465430400,NaN,0.000208,NaN
1465516800,NaN,0.000209,NaN
1465603200,NaN,0.000210,NaN
1465689600,NaN,0.000210,NaN
1465776000,NaN,0.000211,NaN
1465862400,NaN,0.000212,NaN
1465948800,NaN,0.000212,NaN
1466035200,NaN,0.000212,NaN
1466121600,0.000108,0.000212,-0.000104
1466208000,0.000156,0.000212,-0.000056
1466294400,NaN,0.000212,NaN
1466380800,NaN,0.000212,NaN
1466467200,0.000318,0.000212,0.000106
1466553600,NaN,0.000212,NaN
1466640000,NaN,0.000212,NaN
1466726400,NaN,0.000213,NaN
1466812800,NaN,0.000213,NaN
1466899200,NaN,0.000213,NaN
1466985600,0.000157,0.000213,-0.000056
1467072000,NaN,0.000213,NaN
1467158400,NaN,0.000213,NaN
1467244800,NaN,0.000213,NaN
1467331200,NaN,0.000213,NaN
1467417600,0.000146,0.000213,-0.000067
1467504000,NaN,0.000213,NaN
1467590400,NaN,0.000213,NaN
1467676800,NaN,0.000213,NaN
1467763200,NaN,0.000213,NaN
1467849600,NaN,0.000214,NaN
1467936000,NaN,0.000214,NaN
1468022400,NaN,0.000214,NaN
1468108800,NaN,0.000214,NaN
1468195200,0.000204,0.000214,-0.000010
1468281600,NaN,0.000214,NaN
1468368000,0.000224,0.000214,0.000010
1468454400,NaN,0.000214,NaN
1468540800,NaN,0.000214,NaN
1468627200,NaN,0.000215,NaN
1468713600,NaN,0.000215,NaN
1468800000,NaN,0.000215,NaN
1468886400,NaN,0.000215,NaN
1468972800,NaN,0.000216,NaN
1469059200,NaN,0.000216,NaN
1469145600,0.000258,0.000216,0.000042
1469232000,NaN,0.000217,NaN
1469318400,NaN,0.000217,NaN
1469404800,NaN,0.000217,NaN
1469491200,NaN,0.000217,NaN
1469577600,NaN,0.000218,NaN
1469664000,0.000198,0.000218,-0.000020
1469750400,0.000188,0.000218,-0.000030
1469836800,0.000234,0.000219,0.000015
1469923200,NaN,0.000219,NaN
1470009600,NaN,0.000219,NaN
1470096000,NaN,0.000220,NaN
1470182400,0.000200,0.000220,-0.000020
1470268800,NaN,0.000220,NaN
1470355200,0.000130,0.000220,-0.000090
1470441600,0.000202,0.000221,-0.000019
1470528000,0.000250,0.000221,0.000029
1470614400,NaN,0.000221,NaN
1470700800,NaN,0.000222,NaN
1470787200,NaN,0.000222,NaN
1470873600,NaN,0.000222,NaN
1470960000,NaN,0.000222,NaN
1471046400,NaN,0.000223,NaN
1471132800,NaN,0.000223,NaN
1471219200,NaN,0.000223,NaN
1471305600,NaN,0.000223,NaN
1471392000,NaN,0.000223,NaN
1471478400,NaN,0.000223,NaN
1471564800,NaN,0.000223,NaN
1471651200,NaN,0.000222,NaN
1471737600,NaN,0.000222,NaN
1471824000,0.000234,0.000222,0.000012
1471910400,0.000128,0.000222,-0.000094
1471996800,NaN,0.000222,NaN
1472083200,NaN,0.000222,NaN
1472169600,0.000088,0.000222,-0.000134
1472256000,NaN,0.000222,NaN
1472342400,NaN,0.000222,NaN
1472428800,NaN,0.000222,NaN
1472515200,NaN,0.000221,NaN
1472601600,0.000224,0.000221,0.000003
1472688000,0.000198,0.000221,-0.000023
1472774400,NaN,0.000221,NaN
1472860800,NaN,0.000221,NaN
1472947200,NaN,0.000221,NaN
1473033600,NaN,0.000221,NaN
1473120000,NaN,0.000221,NaN
1473206400,0.000160,0.000221,-0.000061
1473292800,NaN,0.000221,NaN
1473379200,NaN,0.000221,NaN
1473465600,0.000158,0.000220,-0.000062
1473552000,NaN,0.000220,NaN
1473638400,NaN,0.000220,NaN
1473724800,NaN,0.000220,NaN
1473811200,NaN,0.000220,NaN
1473897600,NaN,0.000219,NaN
1473984000,NaN,0.000218,NaN
1474070400,NaN,0.000218,NaN
1474156800,NaN,0.000217,NaN
1474243200,NaN,0.000216,NaN
1474329600,0.000198,0.000215,-0.000017
1474416000,NaN,0.000214,NaN
1474502400,0.000379,0.000214,0.000165
1474588800,NaN,0.000213,NaN
1474675200,NaN,0.000212,NaN
1474761600,NaN,0.000211,NaN
1474848000,NaN,0.000210,NaN
1474934400,NaN,0.000209,NaN
1475020800,0.000152,0.000209,-0.000057
1475107200,0.000396,0.000208,0.000188
1475193600,0.000154,0.000207,-0.000053
1475280000,NaN,0.000206,NaN
1475366400,NaN,0.000205,NaN
1475452800,0.000166,0.000204,-0.000038
1475539200,NaN,0.000204,NaN
1475625600,NaN,0.000203,NaN
1475712000,NaN,0.000202,NaN
1475798400,NaN,0.000201,NaN
1475884800,0.000146,0.000200,-0.000054
1475971200,NaN,0.000200,NaN
1476057600,NaN,0.000199,NaN
1476144000,NaN,0.000198,NaN
1476230400,0.000160,0.000197,-0.000037
1476316800,NaN,0.000196,NaN
1476403200,NaN,0.000195,NaN
1476489600,NaN,0.000196,NaN
1476576000,NaN,0.000196,NaN
1476662400,NaN,0.000196,NaN
1476748800,0.000292,0.000196,0.000096
1476835200,NaN,0.000196,NaN
1476921600,NaN,0.000196,NaN
1477008000,NaN,0.000196,NaN
1477094400,0.000234,0.000196,0.000038
1477180800,NaN,0.000196,NaN
1477267200,NaN,0.000196,NaN
1477353600,0.000112,0.000197,-0.000085
1477440000,0.000150,0.000197,-0.000047
1477526400,NaN,0.000197,NaN
1477612800,NaN,0.000197,NaN
1477699200,NaN,0.000197,NaN
1477785600,NaN,0.000197,NaN
1477872000,NaN,0.000197,NaN
1477958400,NaN,0.000197,NaN
1478044800,NaN,0.000197,NaN
1478131200,NaN,0.000198,NaN
1478217600,NaN,0.000198,NaN
1478304000,NaN,0.000198,NaN
1478390400,NaN,0.000198,NaN
1478476800,NaN,0.000198,NaN
1478563200,NaN,0.000198,NaN
1478649600,NaN,0.000198,NaN
1478736000,NaN,0.000198,NaN
1478822400,NaN,0.000198,NaN
1478908800,NaN,0.000198,NaN
1478995200,NaN,0.000199,NaN
1479081600,0.000316,0.000199,0.000117
1479168000,NaN,0.000200,NaN
1479254400,0.000104,0.000202,-0.000098
1479340800,NaN,0.000204,NaN
1479427200,NaN,0.000206,NaN
1479513600,0.000204,0.000208,-0.000004
1479600000,NaN,0.000210,NaN
1479686400,NaN,0.000211,NaN
1479772800,NaN,0.000213,NaN
1479859200,0.000112,0.000215,-0.000103
1479945600,NaN,0.000217,NaN
1480032000,0.000124,0.000219,-0.000095
1480118400,NaN,0.000221,NaN
1480204800,0.000162,0.000222,-0.000060
1480291200,NaN,0.000224,NaN
1480377600,0.000369,0.000226,0.000143
1480464000,NaN,0.000228,NaN
1480550400,0.000234,0.000230,0.000004
1480636800,NaN,0.000232,NaN
1480723200,NaN,0.000233,NaN
1480809600,NaN,0.000235,NaN
1480896000,NaN,0.000237,NaN
1480982400,NaN,0.000239,NaN
1481068800,0.000620,0.000241,0.000379
1481155200,NaN,0.000243,NaN
1481241600,NaN,0.000244,NaN
1481328000,NaN,0.000246,NaN
1481414400,0.000246,0.000248,-0.000002
1481500800,0.000271,0.000250,0.000021
1481587200,0.000236,0.000252,-0.000016
1481673600,NaN,0.000254,NaN
1481760000,NaN,0.000253,NaN
1481846400,NaN,0.000253,NaN
1481932800,NaN,0.000252,NaN
1482019200,NaN,0.000252,NaN
1482105600,NaN,0.000251,NaN
1482192000,NaN,0.000251,NaN
1482278400,NaN,0.000250,NaN
1482364800,0.000344,0.000250,0.000094
1482451200,NaN,0.000249,NaN
1482537600,NaN,0.000249,NaN
1482624000,NaN,0.000248,NaN
1482710400,NaN,0.000248,NaN
1482796800,NaN,0.000247,NaN
1482883200,NaN,0.000247,NaN
1482969600,NaN,0.000247,NaN
1483056000,NaN,0.000246,NaN
1483142400,NaN,0.000246,NaN
1483228800,NaN,0.000245,NaN
1483315200,NaN,0.000245,NaN
1483401600,NaN,0.000244,NaN
1483488000,NaN,0.000244,NaN
1483574400,NaN,0.000243,NaN
1483660800,NaN,0.000243,NaN
1483747200,NaN,0.000242,NaN
1483833600,NaN,0.000242,NaN
1483920000,NaN,0.000241,NaN
1484006400,NaN,0.000241,NaN
1484092800,0.000248,0.000240,0.000008
1484179200,0.000212,0.000240,-0.000028
1484265600,NaN,0.000240,NaN
1484352000,NaN,0.000239,NaN
1484438400,NaN,0.000239,NaN
1484524800,NaN,0.000238,NaN
1484611200,NaN,0.000238,NaN
1484697600,NaN,0.000237,NaN
1484784000,NaN,0.000237,NaN
1484870400,0.000136,0.000236,-0.000100
1484956800,0.000284,0.000236,0.000048
1485043200,NaN,0.000235,NaN
1485129600,0.000242,0.000235,0.000007
1485216000,0.000228,0.000234,-0.000006
1485302400,NaN,0.000234,NaN
1485388800,NaN,0.000233,NaN
1485475200,NaN,0.000233,NaN
1485561600,NaN,0.000232,NaN
1485648000,0.000208,0.000232,-0.000024
1485734400,0.000240,0.000231,0.000009
1485820800,NaN,0.000231,NaN
1485907200,NaN,0.000230,NaN
1485993600,NaN,0.000230,NaN
1486080000,NaN,0.000229,NaN
1486166400,NaN,0.000229,NaN
1486252800,NaN,0.000228,NaN
1486339200,NaN,0.000228,NaN
1486425600,NaN,0.000227,NaN
1486512000,NaN,0.000227,NaN
1486598400,0.000089,0.000227,-0.000138
1486684800,NaN,0.000226,NaN
1486771200,0.000178,0.000226,-0.000048
1486857600,0.000234,0.000225,0.000009
1486944000,0.000170,0.000225,-0.000055
1487030400,NaN,0.000224,NaN
1487116800,NaN,0.000224,NaN
1487203200,NaN,0.000223,NaN
1487289600,NaN,0.000223,NaN
1487376000,0.000140,0.000222,-0.000082
1487462400,NaN,0.000222,NaN
1487548800,NaN,0.000221,NaN
1487635200,NaN,0.000221,NaN
1487721600,0.000174,0.000220,-0.000046
1487808000,0.000180,0.000220,-0.000040
1487894400,0.000188,0.000219,-0.000031
1487980800,0.000024,0.000219,-0.000195
1488067200,0.000228,0.000218,0.000010
1488153600,NaN,0.000218,NaN
1488240000,NaN,0.000218,NaN
1488326400,NaN,0.000217,NaN
1488412800,NaN,0.000217,NaN
1488499200,NaN,0.000216,NaN
1488585600,NaN,0.000216,NaN
1488672000,NaN,0.000215,NaN
1488758400,NaN,0.000215,NaN
1488844800,NaN,0.000214,NaN
1488931200,NaN,0.000214,NaN
1489017600,0.000222,0.000213,0.000009
1489104000,NaN,0.000213,NaN
1489190400,NaN,0.000212,NaN
1489276800,NaN,0.000212,NaN
1489363200,NaN,0.000211,NaN
1489449600,NaN,0.000211,NaN
1489536000,NaN,0.000211,NaN
1489622400,NaN,0.000209,NaN
1489708800,NaN,0.000208,NaN
1489795200,0.000180,0.000206,-0.000026
1489881600,NaN,0.000205,NaN
1489968000,NaN,0.000203,NaN
1490054400,0.000252,0.000202,0.000050
1490140800,NaN,0.000201,NaN
1490227200,NaN,0.000199,NaN
1490313600,NaN,0.000198,NaN
1490400000,NaN,0.000196,NaN
1490486400,0.000120,0.000195,-0.000075
1490572800,NaN,0.000193,NaN
1490659200,0.000254,0.000192,0.000062
1490745600,NaN,0.000191,NaN
1490832000,NaN,0.000189,NaN
1490918400,0.000252,0.000188,0.000064
1491004800,NaN,0.000186,NaN
1491091200,NaN,0.000185,NaN
1491177600,0.000200,0.000183,0.000017
1491264000,NaN,0.000182,NaN
1491350400,0.000310,0.000180,0.000130
1491436800,NaN,0.000179,NaN
1491523200,0.000086,0.000178,-0.000092
1491609600,NaN,0.000176,NaN
1491696000,NaN,0.000175,NaN
1491782400,NaN,0.000173,NaN
1491868800,NaN,0.000172,NaN
1491955200,0.000310,0.000170,0.000140
1492041600,NaN,0.000169,NaN
1492128000,NaN,0.000168,NaN
1492214400,NaN,0.000166,NaN
1492300800,NaN,0.000167,NaN
1492387200,NaN,0.000168,NaN
1492473600,NaN,0.000168,NaN
1492560000,NaN,0.000169,NaN
1492646400,NaN,0.000170,NaN
1492732800,NaN,0.000171,NaN
1492819200,0.000240,0.000171,0.000069
1492905600,NaN,0.000172,NaN
1492992000,NaN,0.000173,NaN
1493078400,NaN,0.000173,NaN
1493164800,NaN,0.000174,NaN
1493251200,NaN,0.000175,NaN
1493337600,NaN,0.000176,NaN
1493424000,NaN,0.000176,NaN
1493510400,NaN,0.000177,NaN
1493596800,NaN,0.000178,NaN
1493683200,NaN,0.000178,NaN
1493769600,NaN,0.000179,NaN
1493856000,NaN,0.000180,NaN
1493942400,NaN,0.000181,NaN
1494028800,0.000138,0.000181,-0.000043
1494115200,0.000010,0.000182,-0.000172
1494201600,NaN,0.000183,NaN
1494288000,0.000084,0.000183,-0.000099
1494374400,NaN,0.000184,NaN
1494460800,NaN,0.000185,NaN
1494547200,NaN,0.000186,NaN
1494633600,NaN,0.000186,NaN
1494720000,0.000236,0.000187,0.000049
1494806400,NaN,0.000188,NaN
1494892800,NaN,0.000189,NaN
1494979200,NaN,0.000189,NaN
1495065600,NaN,0.000190,NaN
1495152000,NaN,0.000191,NaN
1495238400,0.000096,0.000192,-0.000096
1495324800,NaN,0.000192,NaN
1495411200,NaN,0.000193,NaN
1495497600,NaN,0.000194,NaN
1495584000,NaN,0.000195,NaN
1495670400,0.000208,0.000196,0.000012
1495756800,NaN,0.000196,NaN
1495843200,NaN,0.000197,NaN
1495929600,NaN,0.000198,NaN
1496016000,NaN,0.000199,NaN
1496102400,NaN,0.000199,NaN
1496188800,NaN,0.000200,NaN
1496275200,NaN,0.000201,NaN
1496361600,NaN,0.000202,NaN
1496448000,NaN,0.000203,NaN
1496534400,NaN,0.000203,NaN
1496620800,NaN,0.000204,NaN
1496707200,NaN,0.000205,NaN
1496793600,NaN,0.000206,NaN
1496880000,NaN,0.000206,NaN
1496966400,NaN,0.000207,NaN
1497052800,NaN,0.000208,NaN
1497139200,NaN,0.000209,NaN
1497225600,NaN,0.000210,NaN
1497312000,NaN,0.000210,NaN
1497398400,NaN,0.000211,NaN
1497484800,NaN,0.000212,NaN
1497571200,0.000278,0.000212,0.000066
1497657600,0.000416,0.000212,0.000204
1497744000,NaN,0.000212,NaN
1497830400,NaN,0.000212,NaN
1497916800,NaN,0.000212,NaN
1498003200,NaN,0.000212,NaN
1498089600,0.000330,0.000212,0.000118
1498176000,0.000308,0.000212,0.000096
1498262400,0.000274,0.000212,0.000062
1498348800,NaN,0.000213,NaN
1498435200,NaN,0.000213,NaN
1498521600,NaN,0.000213,NaN
1498608000,NaN,0.000213,NaN
1498694400,NaN,0.000213,NaN
1498780800,NaN,0.000213,NaN
1498867200,NaN,0.000213,NaN
1498953600,0.000270,0.000213,0.000057
1499040000,0.000226,0.000213,0.000013
1499126400,NaN,0.000213,NaN
1499212800,NaN,0.000213,NaN
1499299200,NaN,0.000213,NaN
1499385600,0.000232,0.000213,0.000019
1499472000,NaN,0.000214,NaN
1499558400,0.000160,0.000214,-0.000054
1499644800,NaN,0.000214,NaN
1499731200,NaN,0.000214,NaN
1499817600,NaN,0.000214,NaN
1499904000,NaN,0.000214,NaN
1499990400,NaN,0.000214,NaN
1500076800,NaN,0.000214,NaN
1500163200,NaN,0.000214,NaN
1500249600,NaN,0.000215,NaN
1500336000,0.000146,0.000215,-0.000069
1500422400,0.000210,0.000215,-0.000005
1500508800,NaN,0.000215,NaN
1500595200,NaN,0.000216,NaN
1500681600,NaN,0.000216,NaN
1500768000,NaN,0.000216,NaN
1500854400,NaN,0.000217,NaN
1500940800,0.000299,0.000217,0.000082
1501027200,NaN,0.000217,NaN
1501113600,NaN,0.000217,NaN
1501200000,NaN,0.000218,NaN
1501286400,NaN,0.000218,NaN
1501372800,0.000224,0.000218,0.000006
1501459200,0.000303,0.000219,0.000084
1501545600,NaN,0.000219,NaN
1501632000,NaN,0.000219,NaN
1501718400,NaN,0.000220,NaN
1501804800,NaN,0.000220,NaN
1501891200,NaN,0.000220,NaN
1501977600,NaN,0.000220,NaN
1502064000,NaN,0.000221,NaN
1502150400,0.000282,0.000221,0.000061
1502236800,NaN,0.000221,NaN
1502323200,NaN,0.000222,NaN
1502409600,0.000200,0.000222,-0.000022
1502496000,NaN,0.000222,NaN
1502582400,NaN,0.000222,NaN
1502668800,NaN,0.000223,NaN
1502755200,NaN,0.000223,NaN
1502841600,NaN,0.000223,NaN
1502928000,0.000152,0.000223,-0.000071
1503014400,0.000146,0.000223,-0.000077
1503100800,0.000234,0.000223,0.000011
1503187200,0.000164,0.000223,-0.000059
1503273600,NaN,0.000222,NaN
1503360000,NaN,0.000222,NaN
1503446400,NaN,0.000222,NaN
1503532800,NaN,0.000222,NaN
1503619200,NaN,0.000222,NaN
1503705600,NaN,0.000222,NaN
1503792000,NaN,0.000222,NaN
1503878400,NaN,0.000222,NaN
1503964800,NaN,0.000222,NaN
1504051200,NaN,0.000222,NaN
1504137600,0.000146,0.000221,-0.000075
1504224000,NaN,0.000221,NaN
1504310400,0.000182,0.000221,-0.000039
1504396800,NaN,0.000221,NaN
1504483200,NaN,0.000221,NaN
1504569600,NaN,0.000221,NaN
1504656000,NaN,0.000221,NaN
1504742400,NaN,0.000221,NaN
1504828800,NaN,0.000221,NaN
1504915200,NaN,0.000221,NaN
1505001600,NaN,0.000221,NaN
1505088000,0.000182,0.000220,-0.000038
1505174400,NaN,0.000220,NaN
1505260800,0.000182,0.000220,-0.000038
1505347200,0.000030,0.000220,-0.000190
1505433600,NaN,0.000220,NaN
1505520000,NaN,0.000219,NaN
1505606400,0.000308,0.000218,0.000090
1505692800,0.000130,0.000218,-0.000088
1505779200,NaN,0.000217,NaN
1505865600,NaN,0.000216,NaN
1505952000,NaN,0.000215,NaN
1506038400,NaN,0.000214,NaN
1506124800,NaN,0.000214,NaN
1506211200,0.000324,0.000213,0.000111
1506297600,NaN,0.000212,NaN
1506384000,0.000272,0.000211,0.000061
1506470400,0.000210,0.000210,-0.000000
1506556800,NaN,0.000209,NaN
1506643200,0.000210,0.000209,0.000001
1506729600,NaN,0.000208,NaN
1506816000,NaN,0.000207,NaN
1506902400,0.000172,0.000206,-0.000034
1506988800,NaN,0.000205,NaN
1507075200,NaN,0.000204,NaN
1507161600,NaN,0.000204,NaN
1507248000,NaN,0.000203,NaN
1507334400,NaN,0.000202,NaN
1507420800,NaN,0.000201,NaN
1507507200,NaN,0.000200,NaN
1507593600,NaN,0.000200,NaN
1507680000,NaN,0.000199,NaN
1507766400,NaN,0.000198,NaN
1507852800,NaN,0.000197,NaN
1507939200,NaN,0.000196,NaN
1508025600,NaN,0.000195,NaN
1508112000,NaN,0.000196,NaN
1508198400,NaN,0.000196,NaN
1508284800,NaN,0.000196,NaN
1508371200,NaN,0.000196,NaN
1508457600,NaN,0.000196,NaN
1508544000,0.000264,0.000196,0.000068
1508630400,NaN,0.000196,NaN
1508716800,0.000172,0.000196,-0.000024
1508803200,0.000306,0.000196,0.000110
1508889600,0.000414,0.000196,0.000218
1508976000,0.000212,0.000197,0.000015
1509062400,0.000208,0.000197,0.000011
1509148800,NaN,0.000197,NaN
1509235200,0.000330,0.000197,0.000133
1509321600,NaN,0.000197,NaN
1509408000,0.000266,0.000197,0.000069
1509494400,NaN,0.000197,NaN
1509580800,0.000222,0.000197,0.000025
1509667200,0.000088,0.000197,-0.000109
1509753600,0.000176,0.000198,-0.000022
1509840000,0.000134,0.000198,-0.000064
1509926400,NaN,0.000198,NaN
1510012800,NaN,0.000198,NaN
1510099200,NaN,0.000198,NaN
1510185600,NaN,0.000198,NaN
1510272000,NaN,0.000198,NaN
1510358400,0.000242,0.000198,0.000044
1510444800,NaN,0.000198,NaN
1510531200,NaN,0.000198,NaN
1510617600,NaN,0.000199,NaN
1510704000,NaN,0.000199,NaN
1510790400,NaN,0.000200,NaN
1510876800,0.000142,0.000202,-0.000060
1510963200,0.000244,0.000204,0.000040
1511049600,0.000332,0.000206,0.000126
1511136000,NaN,0.000208,NaN
1511222400,NaN,0.000210,NaN
1511308800,0.000156,0.000211,-0.000055
1511395200,0.000255,0.000213,0.000042
1511481600,0.000190,0.000215,-0.000025
1511568000,0.000178,0.000217,-0.000039
1511654400,0.000256,0.000219,0.000037
1511740800,0.000235,0.000221,0.000014
1511827200,NaN,0.000222,NaN
1511913600,NaN,0.000224,NaN
1512000000,NaN,0.000226,NaN
1512086400,0.000056,0.000228,-0.000172
1512172800,0.000236,0.000230,0.000006
1512259200,NaN,0.000232,NaN
1512345600,0.000194,0.000233,-0.000039
1512432000,0.000142,0.000235,-0.000093
1512518400,NaN,0.000237,NaN
1512604800,NaN,0.000239,NaN
1512691200,NaN,0.000241,NaN
1512777600,0.000196,0.000243,-0.000047
1512864000,0.000520,0.000244,0.000276
1512950400,0.000230,0.000246,-0.000016
1513036800,0.000096,0.000248,-0.000152
1513123200,NaN,0.000250,NaN
1513209600,NaN,0.000252,NaN
1513296000,NaN,0.000254,NaN
1513382400,NaN,0.000253,NaN
1513468800,NaN,0.000253,NaN
1513555200,NaN,0.000252,NaN
1513641600,0.000398,0.000252,0.000146
1513728000,0.000323,0.000251,0.000072
1513814400,NaN,0.000251,NaN
1513900800,0.000392,0.000250,0.000142
1513987200,NaN,0.000250,NaN
1514073600,NaN,0.000249,NaN
1514160000,NaN,0.000249,NaN
1514246400,NaN,0.000248,NaN
1514332800,NaN,0.000248,NaN
1514419200,NaN,0.000247,NaN
1514505600,NaN,0.000247,NaN
1514592000,NaN,0.000246,NaN
1514678400,NaN,0.000246,NaN
1514764800,NaN,0.000245,NaN
1514851200,NaN,0.000245,NaN
1514937600,NaN,0.000244,NaN
1515024000,NaN,0.000244,NaN
1515110400,NaN,0.000243,NaN
1515196800,NaN,0.000243,NaN
1515283200,NaN,0.000242,NaN
1515369600,NaN,0.000242,NaN
1515456000,NaN,0.000242,NaN
1515542400,0.000150,0.000241,-0.000091
1515628800,NaN,0.000241,NaN
1515715200,NaN,0.000240,NaN
1515801600,NaN,0.000240,NaN
1515888000,0.000263,0.000239,0.000024
1515974400,NaN,0.000239,NaN
1516060800,NaN,0.000238,NaN
1516147200,NaN,0.000238,NaN
1516233600,NaN,0.000237,NaN
1516320000,NaN,0.000237,NaN
1516406400,NaN,0.000236,NaN
1516492800,NaN,0.000236,NaN
1516579200,0.000355,0.000235,0.000120
1516665600,NaN,0.000235,NaN
1516752000,NaN,0.000234,NaN
1516838400,NaN,0.000234,NaN
1516924800,NaN,0.000233,NaN
1517011200,NaN,0.000233,NaN
1517097600,NaN,0.000232,NaN
1517184000,NaN,0.000232,NaN
1517270400,NaN,0.000231,NaN
1517356800,NaN,0.000231,NaN
1517443200,NaN,0.000230,NaN
1517529600,NaN,0.000230,NaN
1517616000,NaN,0.000229,NaN
1517702400,0.000250,0.000229,0.000021
1517788800,NaN,0.000228,NaN
1517875200,NaN,0.000228,NaN
1517961600,NaN,0.000227,NaN
1518048000,NaN,0.000227,NaN
1518134400,NaN,0.000227,NaN
1518220800,NaN,0.000226,NaN
1518307200,NaN,0.000226,NaN
1518393600,NaN,0.000225,NaN
1518480000,NaN,0.000225,NaN
1518566400,0.000202,0.000224,-0.000022
1518652800,0.000232,0.000224,0.000008
1518739200,0.000168,0.000223,-0.000055
1518825600,NaN,0.000223,NaN
1518912000,0.000194,0.000222,-0.000028
1518998400,0.000258,0.000222,0.000036
1519084800,0.000244,0.000221,0.000023
1519171200,NaN,0.000221,NaN
1519257600,0.000258,0.000220,0.000038
1519344000,NaN,0.000220,NaN
1519430400,NaN,0.000219,NaN
1519516800,NaN,0.000219,NaN
1519603200,NaN,0.000218,NaN
1519689600,NaN,0.000218,NaN
1519776000,NaN,0.000218,NaN
1519862400,0.000306,0.000217,0.000089
1519948800,NaN,0.000217,NaN
1520035200,0.000276,0.000216,0.000060
1520121600,0.000156,0.000216,-0.000060
1520208000,0.000200,0.000215,-0.000015
1520294400,NaN,0.000215,NaN
1520380800,NaN,0.000214,NaN
1520467200,NaN,0.000214,NaN
1520553600,NaN,0.000213,NaN
1520640000,NaN,0.000213,NaN
1520726400,NaN,0.000212,NaN
1520812800,NaN,0.000212,NaN
1520899200,0.000348,0.000211,0.000137
1520985600,0.000098,0.000211,-0.000113
1521072000,NaN,0.000211,NaN
1521158400,NaN,0.000209,NaN
1521244800,0.000232,0.000208,0.000024
1521331200,NaN,0.000206,NaN
1521417600,NaN,0.000205,NaN
1521504000,0.000230,0.000203,0.000027
1521590400,NaN,0.000202,NaN
1521676800,0.000204,0.000201,0.000003
1521763200,0.000198,0.000199,-0.000001
1521849600,0.000286,0.000198,0.000088
1521936000,NaN,0.000196,NaN
1522022400,NaN,0.000195,NaN
1522108800,NaN,0.000193,NaN
1522195200,NaN,0.000192,NaN
1522281600,NaN,0.000191,NaN
1522368000,NaN,0.000189,NaN
1522454400,0.000184,0.000188,-0.000004
1522540800,NaN,0.000186,NaN
1522627200,NaN,0.000185,NaN
1522713600,0.000138,0.000183,-0.000045
1522800000,NaN,0.000182,NaN
1522886400,NaN,0.000180,NaN
1522972800,NaN,0.000179,NaN
1523059200,NaN,0.000178,NaN
1523145600,NaN,0.000176,NaN
1523232000,NaN,0.000175,NaN
1523318400,NaN,0.000173,NaN
1523404800,NaN,0.000172,NaN
1523491200,0.000120,0.000170,-0.000050
1523577600,NaN,0.000169,NaN
1523664000,NaN,0.000168,NaN
1523750400,0.000264,0.000166,0.000098
1523836800,0.000164,0.000167,-0.000003
1523923200,0.000142,0.000168,-0.000026
1524009600,NaN,0.000168,NaN
1524096000,NaN,0.000169,NaN
1524182400,NaN,0.000170,NaN
1524268800,NaN,0.000171,NaN
1524355200,NaN,0.000171,NaN
1524441600,0.000148,0.000172,-0.000024
1524528000,0.000110,0.000173,-0.000063
1524614400,0.000132,0.000173,-0.000041
1524700800,0.000014,0.000174,-0.000160
1524787200,NaN,0.000175,NaN
1524873600,NaN,0.000176,NaN
1524960000,NaN,0.000176,NaN
1525046400,NaN,0.000177,NaN
1525132800,0.000334,0.000178,0.000156
1525219200,NaN,0.000178,NaN
1525305600,0.000400,0.000179,0.000221
1525392000,NaN,0.000180,NaN
1525478400,NaN,0.000181,NaN
1525564800,NaN,0.000181,NaN
1525651200,0.000132,0.000182,-0.000050
1525737600,0.000220,0.000183,0.000037
1525824000,0.000202,0.000183,0.000019
1525910400,0.000302,0.000184,0.000118
1525996800,NaN,0.000185,NaN
1526083200,NaN,0.000186,NaN
1526169600,NaN,0.000186,NaN
1526256000,0.000146,0.000187,-0.000041
1526342400,NaN,0.000188,NaN
1526428800,0.000222,0.000189,0.000033
1526515200,0.000282,0.000189,0.000093
1526601600,0.000332,0.000190,0.000142
1526688000,0.000222,0.000191,0.000031
1526774400,NaN,0.000192,NaN
1526860800,NaN,0.000192,NaN
1526947200,NaN,0.000193,NaN
1527033600,NaN,0.000194,NaN
1527120000,NaN,0.000195,NaN
1527206400,0.000178,0.000196,-0.000018
1527292800,0.000132,0.000196,-0.000064
1527379200,NaN,0.000197,NaN
1527465600,NaN,0.000198,NaN
1527552000,NaN,0.000199,NaN
1527638400,NaN,0.000199,NaN
1527724800,NaN,0.000200,NaN
1527811200,0.000120,0.000201,-0.000081
1527897600,NaN,0.000202,NaN
1527984000,NaN,0.000203,NaN
1528070400,NaN,0.000203,NaN
1528156800,NaN,0.000204,NaN
1528243200,NaN,0.000205,NaN
1528329600,NaN,0.000206,NaN
1528416000,NaN,0.000206,NaN
1528502400,0.000314,0.000207,0.000107
1528588800,NaN,0.000208,NaN
1528675200,NaN,0.000209,NaN
1528761600,NaN,0.000210,NaN
1528848000,NaN,0.000210,NaN
1528934400,NaN,0.000211,NaN
1529020800,0.000188,0.000212,-0.000024
1529107200,NaN,0.000212,NaN
1529193600,NaN,0.000212,NaN
1529280000,NaN,0.000212,NaN
1529366400,NaN,0.000212,NaN
1529452800,NaN,0.000212,NaN
1529539200,NaN,0.000212,NaN
1529625600,NaN,0.000212,NaN
1529712000,NaN,0.000212,NaN
1529798400,NaN,0.000212,NaN
1529884800,0.000222,0.000213,0.000009
1529971200,NaN,0.000213,NaN
1530057600,NaN,0.000213,NaN
1530144000,NaN,0.000213,NaN
1530230400,NaN,0.000213,NaN
1530316800,NaN,0.000213,NaN
1530403200,NaN,0.000213,NaN
1530489600,NaN,0.000213,NaN
1530576000,NaN,0.000213,NaN
1530662400,NaN,0.000213,NaN
1530748800,NaN,0.000213,NaN
1530835200,NaN,0.000213,NaN
1530921600,NaN,0.000213,NaN
1531008000,NaN,0.000214,NaN
1531094400,NaN,0.000214,NaN
1531180800,0.000144,0.000214,-0.000070
1531267200,NaN,0.000214,NaN
1531353600,0.000242,0.000214,0.000028
1531440000,NaN,0.000214,NaN
1531526400,NaN,0.000214,NaN
1531612800,NaN,0.000214,NaN
1531699200,NaN,0.000214,NaN
1531785600,NaN,0.000215,NaN
1531872000,NaN,0.000215,NaN
1531958400,NaN,0.000215,NaN
1532044800,NaN,0.000215,NaN
1532131200,0.000262,0.000216,0.000046
1532217600,NaN,0.000216,NaN
1532304000,NaN,0.000216,NaN
1532390400,NaN,0.000217,NaN
1532476800,NaN,0.000217,NaN
1532563200,0.000200,0.000217,-0.000017
1532649600,0.000180,0.000217,-0.000037
1532736000,0.000248,0.000218,0.000030
1532822400,NaN,0.000218,NaN
1532908800,NaN,0.000218,NaN
1532995200,NaN,0.000219,NaN
1533081600,NaN,0.000219,NaN
1533168000,NaN,0.000219,NaN
1533254400,NaN,0.000220,NaN
1533340800,NaN,0.000220,NaN
1533427200,NaN,0.000220,NaN
1533513600,NaN,0.000220,NaN
1533600000,NaN,0.000221,NaN
1533686400,NaN,0.000221,NaN
1533772800,NaN,0.000221,NaN
1533859200,NaN,0.000222,NaN
1533945600,NaN,0.000222,NaN
1534032000,NaN,0.000222,NaN
1534118400,NaN,0.000222,NaN
1534204800,NaN,0.000223,NaN
1534291200,0.000414,0.000223,0.000191
1534377600,NaN,0.000223,NaN
1534464000,NaN,0.000223,NaN
1534550400,NaN,0.000223,NaN
1534636800,NaN,0.000223,NaN
1534723200,0.000230,0.000223,0.000007
1534809600,NaN,0.000222,NaN
1534896000,NaN,0.000222,NaN
1534982400,NaN,0.000222,NaN
1535068800,NaN,0.000222,NaN
1535155200,NaN,0.000222,NaN
1535241600,NaN,0.000222,NaN
1535328000,NaN,0.000222,NaN
1535414400,NaN,0.000222,NaN
1535500800,NaN,0.000222,NaN
1535587200,NaN,0.000222,NaN
1535673600,0.000364,0.000221,0.000143
1535760000,NaN,0.000221,NaN
1535846400,NaN,0.000221,NaN
1535932800,NaN,0.000221,NaN
1536019200,NaN,0.000221,NaN
1536105600,0.000154,0.000221,-0.000067
1536192000,NaN,0.000221,NaN
1536278400,NaN,0.000221,NaN
1536364800,NaN,0.000221,NaN
1536451200,NaN,0.000221,NaN
1536537600,NaN,0.000221,NaN
1536624000,NaN,0.000220,NaN
1536710400,NaN,0.000220,NaN
1536796800,NaN,0.000220,NaN
1536883200,NaN,0.000220,NaN
1536969600,NaN,0.000220,NaN
1537056000,0.000191,0.000219,-0.000028
1537142400,0.000330,0.000218,0.000112
1537228800,NaN,0.000218,NaN
1537315200,0.000346,0.000217,0.000129
1537401600,0.000228,0.000216,0.000012
1537488000,0.000232,0.000215,0.000017
1537574400,NaN,0.000214,NaN
1537660800,NaN,0.000214,NaN
1537747200,NaN,0.000213,NaN
1537833600,NaN,0.000212,NaN
1537920000,NaN,0.000211,NaN
1538006400,NaN,0.000210,NaN
1538092800,NaN,0.000209,NaN
1538179200,NaN,0.000209,NaN
1538265600,NaN,0.000208,NaN
1538352000,NaN,0.000207,NaN
1538438400,0.000172,0.000206,-0.000034
1538524800,NaN,0.000205,NaN
1538611200,NaN,0.000204,NaN
1538697600,NaN,0.000204,NaN
1538784000,0.000317,0.000203,0.000114
1538870400,0.000152,0.000202,-0.000050
1538956800,NaN,0.000201,NaN
1539043200,NaN,0.000200,NaN
1539129600,NaN,0.000200,NaN
1539216000,0.000222,0.000199,0.000023
1539302400,0.000156,0.000198,-0.000042
1539388800,0.000226,0.000197,0.000029
1539475200,NaN,0.000196,NaN
1539561600,0.000320,0.000195,0.000125
1539648000,0.000290,0.000196,0.000094
1539734400,NaN,0.000196,NaN
1539820800,NaN,0.000196,NaN
1539907200,NaN,0.000196,NaN
1539993600,NaN,0.000196,NaN
1540080000,NaN,0.000196,NaN
1540166400,NaN,0.000196,NaN
1540252800,NaN,0.000196,NaN
1540339200,NaN,0.000196,NaN
1540425600,NaN,0.000196,NaN
1540512000,NaN,0.000197,NaN
1540598400,0.000178,0.000197,-0.000019
1540684800,0.000270,0.000197,0.000073
1540771200,0.000134,0.000197,-0.000063
1540857600,NaN,0.000197,NaN
1540944000,NaN,0.000197,NaN
1541030400,NaN,0.000197,NaN
1541116800,0.000080,0.000197,-0.000117
1541203200,NaN,0.000197,NaN
1541289600,NaN,0.000198,NaN
1541376000,NaN,0.000198,NaN
1541462400,NaN,0.000198,NaN
1541548800,NaN,0.000198,NaN
1541635200,0.000188,0.000198,-0.000010
1541721600,NaN,0.000198,NaN
1541808000,NaN,0.000198,NaN
1541894400,NaN,0.000198,NaN
1541980800,NaN,0.000198,NaN
1542067200,NaN,0.000198,NaN
1542153600,NaN,0.000199,NaN
1542240000,0.000266,0.000199,0.000067
1542326400,NaN,0.000200,NaN
1542412800,0.000162,0.000202,-0.000040
1542499200,NaN,0.000204,NaN
1542585600,NaN,0.000206,NaN
1542672000,NaN,0.000208,NaN
1542758400,NaN,0.000210,NaN
1542844800,NaN,0.000211,NaN
1542931200,NaN,0.000213,NaN
1543017600,NaN,0.000215,NaN
1543104000,NaN,0.000217,NaN
1543190400,NaN,0.000219,NaN
1543276800,0.000116,0.000221,-0.000105
1543363200,NaN,0.000222,NaN
1543449600,NaN,0.000224,NaN
1543536000,NaN,0.000226,NaN
1543622400,NaN,0.000228,NaN
1543708800,NaN,0.000230,NaN
1543795200,0.000244,0.000232,0.000012
1543881600,0.000021,0.000233,-0.000212
1543968000,0.000244,0.000235,0.000009
1544054400,NaN,0.000237,NaN
1544140800,NaN,0.000239,NaN
1544227200,NaN,0.000241,NaN
1544313600,NaN,0.000243,NaN
1544400000,NaN,0.000244,NaN
1544486400,0.000096,0.000246,-0.000150
1544572800,NaN,0.000248,NaN
1544659200,NaN,0.000250,NaN
1544745600,NaN,0.000252,NaN
1544832000,NaN,0.000254,NaN
1544918400,NaN,0.000253,NaN
1545004800,NaN,0.000253,NaN
1545091200,NaN,0.000252,NaN
1545177600,NaN,0.000252,NaN
1545264000,NaN,0.000251,NaN
1545350400,0.000270,0.000251,0.000019
1545436800,0.000438,0.000250,0.000188
1545523200,0.000192,0.000250,-0.000058
1545609600,NaN,0.000249,NaN
1545696000,NaN,0.000249,NaN
1545782400,NaN,0.000248,NaN
1545868800,NaN,0.000248,NaN
1545955200,NaN,0.000247,NaN
1546041600,NaN,0.000247,NaN
1546128000,NaN,0.000246,NaN
1546214400,NaN,0.000246,NaN
1546300800,0.000432,0.000245,0.000187
1546387200,NaN,0.000245,NaN
1546473600,NaN,0.000244,NaN
1546560000,0.000256,0.000244,0.000012
1546646400,NaN,0.000243,NaN
1546732800,0.000260,0.000243,0.000017
1546819200,NaN,0.000242,NaN
1546905600,0.000214,0.000242,-0.000028
1546992000,0.000230,0.000242,-0.000012
1547078400,0.000222,0.000241,-0.000019
1547164800,NaN,0.000241,NaN
1547251200,NaN,0.000240,NaN
1547337600,NaN,0.000240,NaN
1547424000,NaN,0.000239,NaN
1547510400,NaN,0.000239,NaN
1547596800,NaN,0.000238,NaN
1547683200,NaN,0.000238,NaN
1547769600,NaN,0.000237,NaN
1547856000,NaN,0.000237,NaN
1547942400,NaN,0.000236,NaN
1548028800,NaN,0.000236,NaN
1548115200,0.000250,0.000235,0.000015
1548201600,NaN,0.000235,NaN
1548288000,0.000220,0.000234,-0.000014
1548374400,NaN,0.000234,NaN
1548460800,NaN,0.000233,NaN
1548547200,0.000190,0.000233,-0.000043
1548633600,NaN,0.000232,NaN
1548720000,NaN,0.000232,NaN
1548806400,NaN,0.000231,NaN
1548892800,NaN,0.000231,NaN
1548979200,0.000216,0.000230,-0.000014
1549065600,NaN,0.000230,NaN
1549152000,NaN,0.000229,NaN
1549238400,NaN,0.000229,NaN
1549324800,NaN,0.000228,NaN
1549411200,NaN,0.000228,NaN
1549497600,0.000274,0.000227,0.000047
1549584000,NaN,0.000227,NaN
1549670400,NaN,0.000227,NaN
1549756800,0.000214,0.000226,-0.000012
1549843200,NaN,0.000226,NaN
1549929600,NaN,0.000225,NaN
1550016000,0.000168,0.000225,-0.000057
1550102400,0.000172,0.000224,-0.000052
1550188800,NaN,0.000224,NaN
1550275200,NaN,0.000223,NaN
1550361600,NaN,0.000223,NaN
1550448000,NaN,0.000222,NaN
1550534400,NaN,0.000222,NaN
1550620800,NaN,0.000221,NaN
1550707200,NaN,0.000221,NaN
1550793600,NaN,0.000220,NaN
1550880000,NaN,0.000220,NaN
1550966400,0.000268,0.000219,0.000049
1551052800,NaN,0.000219,NaN
1551139200,NaN,0.000218,NaN
1551225600,0.000390,0.000218,0.000172
1551312000,NaN,0.000218,NaN
1551398400,0.000358,0.000217,0.000141
1551484800,0.000215,0.000217,-0.000002
1551571200,NaN,0.000216,NaN
1551657600,NaN,0.000216,NaN
1551744000,NaN,0.000215,NaN
1551830400,0.000360,0.000215,0.000145
1551916800,NaN,0.000214,NaN
1552003200,NaN,0.000214,NaN
1552089600,NaN,0.000213,NaN
1552176000,NaN,0.000213,NaN
1552262400,NaN,0.000212,NaN
1552348800,NaN,0.000212,NaN
1552435200,NaN,0.000211,NaN
1552521600,NaN,0.000211,NaN
1552608000,NaN,0.000211,NaN
1552694400,NaN,0.000209,NaN
1552780800,NaN,0.000208,NaN
1552867200,NaN,0.000206,NaN
1552953600,NaN,0.000205,NaN
1553040000,NaN,0.000203,NaN
1553126400,0.000204,0.000202,0.000002
1553212800,0.000130,0.000201,-0.000071
1553299200,NaN,0.000199,NaN
1553385600,NaN,0.000198,NaN
1553472000,NaN,0.000196,NaN
1553558400,0.000136,0.000195,-0.000059
1553644800,0.000220,0.000193,0.000027
1553731200,0.000146,0.000192,-0.000046
1553817600,NaN,0.000191,NaN
1553904000,NaN,0.000189,NaN
1553990400,NaN,0.000188,NaN
1554076800,NaN,0.000186,NaN
1554163200,NaN,0.000185,NaN
1554249600,NaN,0.000183,NaN
1554336000,NaN,0.000182,NaN
1554422400,NaN,0.000180,NaN
1554508800,NaN,0.000179,NaN
1554595200,NaN,0.000178,NaN
1554681600,NaN,0.000176,NaN
1554768000,0.000212,0.000175,0.000037
1554854400,0.000190,0.000173,0.000017
1554940800,0.000346,0.000172,0.000174
1555027200,NaN,0.000170,NaN
1555113600,NaN,0.000169,NaN
1555200000,NaN,0.000168,NaN
1555286400,0.000194,0.000166,0.000028
1555372800,NaN,0.000167,NaN
1555459200,NaN,0.000168,NaN
1555545600,NaN,0.000168,NaN
1555632000,0.000228,0.000169,0.000059
1555718400,0.000108,0.000170,-0.000062
1555804800,NaN,0.000171,NaN
1555891200,NaN,0.000171,NaN
1555977600,NaN,0.000172,NaN
1556064000,NaN,0.000173,NaN
1556150400,NaN,0.000173,NaN
1556236800,0.000232,0.000174,0.000058
1556323200,NaN,0.000175,NaN
1556409600,NaN,0.000176,NaN
1556496000,NaN,0.000176,NaN
1556582400,NaN,0.000177,NaN
1556668800,0.000250,0.000178,0.000072
1556755200,NaN,0.000178,NaN
1556841600,NaN,0.000179,NaN
1556928000,NaN,0.000180,NaN
1557014400,NaN,0.000181,NaN
1557100800,NaN,0.000181,NaN
1557187200,NaN,0.000182,NaN
1557273600,NaN,0.000183,NaN
1557360000,NaN,0.000183,NaN
1557446400,NaN,0.000184,NaN
1557532800,NaN,0.000185,NaN
1557619200,NaN,0.000186,NaN
1557705600,NaN,0.000186,NaN
1557792000,NaN,0.000187,NaN
1557878400,NaN,0.000188,NaN
1557964800,NaN,0.000189,NaN
1558051200,NaN,0.000189,NaN
1558137600,NaN,0.000190,NaN
1558224000,NaN,0.000191,NaN
1558310400,NaN,0.000192,NaN
1558396800,NaN,0.000192,NaN
1558483200,NaN,0.000193,NaN
1558569600,NaN,0.000194,NaN
1558656000,0.000312,0.000195,0.000117
1558742400,NaN,0.000196,NaN
1558828800,0.000260,0.000196,0.000064
1558915200,NaN,0.000197,NaN
1559001600,0.000284,0.000198,0.000086
1559088000,0.000222,0.000199,0.000023
1559174400,NaN,0.000199,NaN
1559260800,NaN,0.000200,NaN
1559347200,NaN,0.000201,NaN
1559433600,0.000166,0.000202,-0.000036
1559520000,NaN,0.000203,NaN
1559606400,NaN,0.000203,NaN
1559692800,NaN,0.000204,NaN
1559779200,NaN,0.000205,NaN
1559865600,NaN,0.000206,NaN
1559952000,NaN,0.000206,NaN
1560038400,NaN,0.000207,NaN
1560124800,NaN,0.000208,NaN
1560211200,NaN,0.000209,NaN
1560297600,NaN,0.000210,NaN
1560384000,0.000224,0.000210,0.000014
1560470400,NaN,0.000211,NaN
1560556800,NaN,0.000212,NaN
1560643200,0.000182,0.000212,-0.000030
1560729600,NaN,0.000212,NaN
1560816000,NaN,0.000212,NaN
1560902400,0.000280,0.000212,0.000068
1560988800,0.000210,0.000212,-0.000002
1561075200,NaN,0.000212,NaN
1561161600,0.000334,0.000212,0.000122
1561248000,NaN,0.000212,NaN
1561334400,NaN,0.000212,NaN
1561420800,NaN,0.000213,NaN
1561507200,NaN,0.000213,NaN
1561593600,NaN,0.000213,NaN
1561680000,NaN,0.000213,NaN
1561766400,NaN,0.000213,NaN
1561852800,NaN,0.000213,NaN
1561939200,NaN,0.000213,NaN
1562025600,NaN,0.000213,NaN
1562112000,NaN,0.000213,NaN
1562198400,NaN,0.000213,NaN
1562284800,NaN,0.000213,NaN
1562371200,NaN,0.000213,NaN
1562457600,0.000128,0.000213,-0.000085
1562544000,0.000198,0.000214,-0.000016
1562630400,NaN,0.000214,NaN
1562716800,NaN,0.000214,NaN
1562803200,NaN,0.000214,NaN
1562889600,NaN,0.000214,NaN
1562976000,NaN,0.000214,NaN
1563062400,NaN,0.000214,NaN
1563148800,NaN,0.000214,NaN
1563235200,NaN,0.000214,NaN
1563321600,NaN,0.000215,NaN
1563408000,NaN,0.000215,NaN
1563494400,NaN,0.000215,NaN
1563580800,NaN,0.000215,NaN
1563667200,NaN,0.000216,NaN
1563753600,NaN,0.000216,NaN
1563840000,NaN,0.000216,NaN
1563926400,NaN,0.000217,NaN
1564012800,NaN,0.000217,NaN
1564099200,NaN,0.000217,NaN
1564185600,NaN,0.000217,NaN
1564272000,NaN,0.000218,NaN
1564358400,NaN,0.000218,NaN
1564444800,NaN,0.000218,NaN
1564531200,NaN,0.000219,NaN
1564617600,0.000250,0.000219,0.000031
1564704000,0.000528,0.000219,0.000309
1564790400,0.000224,0.000220,0.000004
1564876800,NaN,0.000220,NaN
1564963200,NaN,0.000220,NaN
1565049600,0.000312,0.000220,0.000092
1565136000,0.000300,0.000221,0.000079
1565222400,NaN,0.000221,NaN
1565308800,NaN,0.000221,NaN
1565395200,NaN,0.000222,NaN
1565481600,NaN,0.000222,NaN
1565568000,NaN,0.000222,NaN
1565654400,NaN,0.000222,NaN
1565740800,NaN,0.000223,NaN
1565827200,NaN,0.000223,NaN
1565913600,0.000428,0.000223,0.000205
1566000000,NaN,0.000223,NaN
1566086400,NaN,0.000223,NaN
1566172800,NaN,0.000223,NaN
1566259200,NaN,0.000223,NaN
1566345600,NaN,0.000222,NaN
1566432000,NaN,0.000222,NaN
1566518400,NaN,0.000222,NaN
1566604800,NaN,0.000222,NaN
1566691200,NaN,0.000222,NaN
1566777600,NaN,0.000222,NaN
1566864000,NaN,0.000222,NaN
1566950400,NaN,0.000222,NaN
1567036800,NaN,0.000222,NaN
1567123200,0.000160,0.000222,-0.000062
1567209600,NaN,0.000221,NaN
1567296000,NaN,0.000221,NaN
1567382400,NaN,0.000221,NaN
1567468800,NaN,0.000221,NaN
1567555200,NaN,0.000221,NaN
1567641600,NaN,0.000221,NaN
1567728000,0.000122,0.000221,-0.000099
1567814400,NaN,0.000221,NaN
1567900800,NaN,0.000221,NaN
1567987200,NaN,0.000221,NaN
1568073600,NaN,0.000221,NaN
1568160000,NaN,0.000220,NaN
1568246400,NaN,0.000220,NaN
1568332800,NaN,0.000220,NaN
1568419200,NaN,0.000220,NaN
1568505600,NaN,0.000220,NaN
1568592000,NaN,0.000219,NaN
1568678400,NaN,0.000218,NaN
1568764800,NaN,0.000218,NaN
1568851200,NaN,0.000217,NaN
1568937600,NaN,0.000216,NaN
1569024000,NaN,0.000215,NaN
1569110400,NaN,0.000214,NaN
1569196800,0.000218,0.000214,0.000004
1569283200,0.000212,0.000213,-0.000001
1569369600,NaN,0.000212,NaN
1569456000,0.000237,0.000211,0.000026
1569542400,NaN,0.000210,NaN
1569628800,NaN,0.000209,NaN
1569715200,NaN,0.000209,NaN
1569801600,NaN,0.000208,NaN
1569888000,NaN,0.000207,NaN
1569974400,NaN,0.000206,NaN
1570060800,NaN,0.000205,NaN
1570147200,NaN,0.000204,NaN
1570233600,0.000156,0.000204,-0.000048
1570320000,0.000316,0.000203,0.000113
1570406400,NaN,0.000202,NaN
1570492800,NaN,0.000201,NaN
1570579200,0.000218,0.000200,0.000018
1570665600,0.000323,0.000200,0.000123
1570752000,0.000244,0.000199,0.000045
1570838400,NaN,0.000198,NaN
1570924800,NaN,0.000197,NaN
1571011200,NaN,0.000196,NaN
1571097600,NaN,0.000195,NaN
1571184000,0.000198,0.000196,0.000002
1571270400,NaN,0.000196,NaN
1571356800,NaN,0.000196,NaN
1571443200,0.000184,0.000196,-0.000012
1571529600,NaN,0.000196,NaN
1571616000,NaN,0.000196,NaN
1571702400,NaN,0.000196,NaN
1571788800,0.000232,0.000196,0.000036
1571875200,NaN,0.000196,NaN
1571961600,NaN,0.000196,NaN
1572048000,NaN,0.000197,NaN
1572134400,NaN,0.000197,NaN
1572220800,0.000210,0.000197,0.000013
1572307200,NaN,0.000197,NaN
1572393600,0.000236,0.000197,0.000039
1572480000,NaN,0.000197,NaN
1572566400,NaN,0.000197,NaN
1572652800,NaN,0.000197,NaN
1572739200,NaN,0.000197,NaN
1572825600,0.000180,0.000198,-0.000018
1572912000,NaN,0.000198,NaN
1572998400,NaN,0.000198,NaN
1573084800,NaN,0.000198,NaN
1573171200,NaN,0.000198,NaN
1573257600,NaN,0.000198,NaN
1573344000,0.000152,0.000198,-0.000046
1573430400,0.000134,0.000198,-0.000064
1573516800,NaN,0.000198,NaN
1573603200,NaN,0.000198,NaN
1573689600,NaN,0.000199,NaN
1573776000,0.000210,0.000199,0.000011
1573862400,0.000316,0.000200,0.000116
1573948800,NaN,0.000202,NaN
1574035200,0.000213,0.000204,0.000009
1574121600,0.000242,0.000206,0.000036
1574208000,0.000262,0.000208,0.000054
1574294400,0.000042,0.000210,-0.000168
1574380800,NaN,0.000211,NaN
1574467200,NaN,0.000213,NaN
1574553600,0.000189,0.000215,-0.000026
1574640000,0.000248,0.000217,0.000031
1574726400,NaN,0.000219,NaN
1574812800,NaN,0.000221,NaN
1574899200,NaN,0.000222,NaN
1574985600,0.000259,0.000224,0.000035
1575072000,NaN,0.000226,NaN
1575158400,0.000306,0.000228,0.000078
1575244800,0.000322,0.000230,0.000092
1575331200,0.000196,0.000232,-0.000036
1575417600,0.000194,0.000233,-0.000039
1575504000,NaN,0.000235,NaN
1575590400,0.000199,0.000237,-0.000038
1575676800,NaN,0.000239,NaN
1575763200,0.000198,0.000241,-0.000043
1575849600,NaN,0.000243,NaN
1575936000,NaN,0.000244,NaN
1576022400,NaN,0.000246,NaN
1576108800,NaN,0.000248,NaN
1576195200,NaN,0.000250,NaN
1576281600,0.000102,0.000252,-0.000150
1576368000,0.000260,0.000254,0.000006
1576454400,NaN,0.000253,NaN
1576540800,NaN,0.000253,NaN
1576627200,0.000330,0.000252,0.000078
1576713600,NaN,0.000252,NaN
1576800000,NaN,0.000251,NaN
1576886400,NaN,0.000251,NaN
1576972800,NaN,0.000250,NaN
1577059200,NaN,0.000250,NaN
1577145600,NaN,0.000249,NaN
1577232000,NaN,0.000249,NaN
1577318400,0.000270,0.000248,0.000022
1577404800,NaN,0.000248,NaN
1577491200,NaN,0.000247,NaN
1577577600,NaN,0.000247,NaN
1577664000,0.000178,0.000246,-0.000068
1577750400,0.000218,0.000246,-0.000028
1577836800,NaN,0.000245,NaN
1577923200,NaN,0.000245,NaN
1578009600,NaN,0.000244,NaN
1578096000,0.000252,0.000244,0.000008
1578182400,0.000294,0.000243,0.000051
1578268800,NaN,0.000243,NaN
1578355200,NaN,0.000242,NaN
1578441600,NaN,0.000242,NaN
1578528000,NaN,0.000242,NaN
1578614400,NaN,0.000241,NaN
1578700800,NaN,0.000241,NaN
1578787200,NaN,0.000240,NaN
1578873600,NaN,0.000240,NaN
1578960000,0.000176,0.000239,-0.000063
1579046400,NaN,0.000239,NaN
1579132800,NaN,0.000238,NaN
1579219200,NaN,0.000238,NaN
1579305600,NaN,0.000237,NaN
1579392000,NaN,0.000237,NaN
1579478400,0.000246,0.000236,0.000010
1579564800,0.000236,0.000236,0.000000
1579651200,NaN,0.000235,NaN
1579737600,NaN,0.000235,NaN
1579824000,0.000200,0.000234,-0.000034
1579910400,0.000212,0.000234,-0.000022
1579996800,NaN,0.000233,NaN
1580083200,0.000312,0.000233,0.000079
1580169600,NaN,0.000232,NaN
1580256000,NaN,0.000232,NaN
1580342400,NaN,0.000231,NaN
1580428800,NaN,0.000231,NaN
1580515200,0.000236,0.000230,0.000006
1580601600,0.000148,0.000230,-0.000082
1580688000,NaN,0.000229,NaN
1580774400,NaN,0.000229,NaN
1580860800,NaN,0.000228,NaN
1580947200,NaN,0.000228,NaN
1581033600,0.000212,0.000227,-0.000015
1581120000,0.000282,0.000227,0.000055
1581206400,NaN,0.000227,NaN
1581292800,NaN,0.000226,NaN
1581379200,NaN,0.000226,NaN
1581465600,NaN,0.000225,NaN
1581552000,NaN,0.000225,NaN
1581638400,NaN,0.000224,NaN
1581724800,NaN,0.000224,NaN
1581811200,NaN,0.000223,NaN
1581897600,NaN,0.000223,NaN
1581984000,NaN,0.000222,NaN
1582070400,NaN,0.000222,NaN
1582156800,NaN,0.000221,NaN
1582243200,NaN,0.000221,NaN
1582329600,NaN,0.000220,NaN
1582416000,NaN,0.000220,NaN
1582502400,NaN,0.000219,NaN
1582588800,NaN,0.000219,NaN
1582675200,NaN,0.000218,NaN
1582761600,NaN,0.000218,NaN
1582848000,0.000196,0.000218,-0.000022
1582934400,0.000268,0.000217,0.000051
1583020800,NaN,0.000217,NaN
1583107200,NaN,0.000216,NaN
1583193600,NaN,0.000216,NaN
1583280000,NaN,0.000215,NaN
1583366400,NaN,0.000215,NaN
1583452800,NaN,0.000214,NaN
1583539200,NaN,0.000214,NaN
1583625600,0.000270,0.000213,0.000057
1583712000,NaN,0.000213,NaN
1583798400,NaN,0.000212,NaN
1583884800,0.000192,0.000212,-0.000020
1583971200,NaN,0.000211,NaN
1584057600,NaN,0.000211,NaN
1584144000,0.000236,0.000211,0.000025
1584230400,NaN,0.000209,NaN
1584316800,NaN,0.000208,NaN
1584403200,NaN,0.000206,NaN
1584489600,0.000182,0.000205,-0.000023
1584576000,NaN,0.000203,NaN
1584662400,NaN,0.000202,NaN
1584748800,NaN,0.000201,NaN
1584835200,NaN,0.000199,NaN
1584921600,NaN,0.000198,NaN
1585008000,NaN,0.000196,NaN
1585094400,NaN,0.000195,NaN
1585180800,NaN,0.000193,NaN
1585267200,0.000172,0.000192,-0.000020
1585353600,NaN,0.000191,NaN
1585440000,NaN,0.000189,NaN
1585526400,NaN,0.000188,NaN
1585612800,NaN,0.000186,NaN
1585699200,NaN,0.000185,NaN
1585785600,NaN,0.000183,NaN
1585872000,NaN,0.000182,NaN
1585958400,NaN,0.000180,NaN
1586044800,NaN,0.000179,NaN
1586131200,NaN,0.000178,NaN
1586217600,NaN,0.000176,NaN
1586304000,NaN,0.000175,NaN
1586390400,NaN,0.000173,NaN
1586476800,NaN,0.000172,NaN
1586563200,NaN,0.000170,NaN
1586649600,NaN,0.000169,NaN
1586736000,NaN,0.000168,NaN
1586822400,NaN,0.000166,NaN
1586908800,NaN,0.000167,NaN
1586995200,NaN,0.000168,NaN
1587081600,NaN,0.000168,NaN
1587168000,NaN,0.000169,NaN
1587254400,NaN,0.000170,NaN
1587340800,NaN,0.000171,NaN
1587427200,0.000202,0.000171,0.000031
1587513600,NaN,0.000172,NaN
1587600000,NaN,0.000173,NaN
1587686400,0.000140,0.000173,-0.000033
1587772800,NaN,0.000174,NaN
1587859200,0.000132,0.000175,-0.000043
1587945600,NaN,0.000176,NaN
1588032000,NaN,0.000176,NaN
1588118400,NaN,0.000177,NaN
1588204800,NaN,0.000178,NaN
1588291200,0.000154,0.000178,-0.000024
1588377600,NaN,0.000179,NaN
1588464000,0.000142,0.000180,-0.000038
1588550400,NaN,0.000181,NaN
1588636800,NaN,0.000181,NaN
1588723200,NaN,0.000182,NaN
1588809600,0.000256,0.000183,0.000073
1588896000,NaN,0.000183,NaN
1588982400,NaN,0.000184,NaN
1589068800,0.000144,0.000185,-0.000041
1589155200,NaN,0.000186,NaN
1589241600,NaN,0.000186,NaN
1589328000,NaN,0.000187,NaN
1589414400,NaN,0.000188,NaN
1589500800,NaN,0.000189,NaN
1589587200,NaN,0.000189,NaN
1589673600,0.000170,0.000190,-0.000020
1589760000,NaN,0.000191,NaN
1589846400,0.000174,0.000192,-0.000018
1589932800,0.000266,0.000192,0.000074
1590019200,0.000196,0.000193,0.000003
1590105600,NaN,0.000194,NaN
1590192000,NaN,0.000195,NaN
1590278400,NaN,0.000196,NaN
1590364800,NaN,0.000196,NaN
1590451200,NaN,0.000197,NaN
1590537600,NaN,0.000198,NaN
1590624000,NaN,0.000199,NaN
1590710400,NaN,0.000199,NaN
1590796800,0.000384,0.000200,0.000184
1590883200,NaN,0.000201,NaN
1590969600,NaN,0.000202,NaN
1591056000,NaN,0.000203,NaN
1591142400,NaN,0.000203,NaN
1591228800,NaN,0.000204,NaN
1591315200,NaN,0.000205,NaN
1591401600,NaN,0.000206,NaN
1591488000,NaN,0.000206,NaN
1591574400,0.000292,0.000207,0.000085
1591660800,NaN,0.000208,NaN
1591747200,NaN,0.000209,NaN
1591833600,0.000206,0.000210,-0.000004
1591920000,NaN,0.000210,NaN
1592006400,0.000172,0.000211,-0.000039
1592092800,0.000230,0.000212,0.000018
1592179200,0.000280,0.000212,0.000068
1592265600,0.000174,0.000212,-0.000038
1592352000,NaN,0.000212,NaN
1592438400,0.000176,0.000212,-0.000036
1592524800,NaN,0.000212,NaN
1592611200,0.000188,0.000212,-0.000024
1592697600,NaN,0.000212,NaN
1592784000,NaN,0.000212,NaN
1592870400,NaN,0.000212,NaN
1592956800,NaN,0.000213,NaN
1593043200,NaN,0.000213,NaN
1593129600,NaN,0.000213,NaN
1593216000,NaN,0.000213,NaN
1593302400,NaN,0.000213,NaN
1593388800,NaN,0.000213,NaN
1593475200,NaN,0.000213,NaN
1593561600,NaN,0.000213,NaN
1593648000,NaN,0.000213,NaN
1593734400,NaN,0.000213,NaN
1593820800,NaN,0.000213,NaN
1593907200,NaN,0.000213,NaN
1593993600,0.000234,0.000213,0.000021
1594080000,NaN,0.000214,NaN
1594166400,NaN,0.000214,NaN
1594252800,NaN,0.000214,NaN
1594339200,0.000162,0.000214,-0.000052
1594425600,NaN,0.000214,NaN
1594512000,NaN,0.000214,NaN
1594598400,NaN,0.000214,NaN
1594684800,NaN,0.000214,NaN
1594771200,NaN,0.000214,NaN
1594857600,NaN,0.000215,NaN
1594944000,NaN,0.000215,NaN
1595030400,NaN,0.000215,NaN
1595116800,NaN,0.000215,NaN
1595203200,NaN,0.000216,NaN
1595289600,NaN,0.000216,NaN
1595376000,NaN,0.000216,NaN
1595462400,NaN,0.000217,NaN
1595548800,NaN,0.000217,NaN
1595635200,NaN,0.000217,NaN
1595721600,NaN,0.000217,NaN
1595808000,NaN,0.000218,NaN
1595894400,NaN,0.000218,NaN
1595980800,NaN,0.000218,NaN
1596067200,NaN,0.000219,NaN
1596153600,0.000161,0.000219,-0.000058
1596240000,0.000204,0.000219,-0.000015
1596326400,0.000194,0.000220,-0.000026
1596412800,0.000194,0.000220,-0.000026
1596499200,NaN,0.000220,NaN
1596585600,0.000016,0.000220,-0.000204
1596672000,NaN,0.000221,NaN
1596758400,0.000112,0.000221,-0.000109
1596844800,0.000198,0.000221,-0.000023
1596931200,0.000272,0.000222,0.000050
1597017600,NaN,0.000222,NaN
1597104000,0.000196,0.000222,-0.000026
1597190400,0.000126,0.000222,-0.000096
1597276800,NaN,0.000223,NaN
1597363200,NaN,0.000223,NaN
1597449600,NaN,0.000223,NaN
1597536000,0.000238,0.000223,0.000015
1597622400,0.000292,0.000223,0.000069
1597708800,0.000222,0.000223,-0.000001
1597795200,NaN,0.000223,NaN
1597881600,NaN,0.000222,NaN
1597968000,NaN,0.000222,NaN
1598054400,NaN,0.000222,NaN
1598140800,NaN,0.000222,NaN
1598227200,NaN,0.000222,NaN
1598313600,NaN,0.000222,NaN
1598400000,NaN,0.000222,NaN
1598486400,NaN,0.000222,NaN
1598572800,NaN,0.000222,NaN
1598659200,NaN,0.000222,NaN
1598745600,NaN,0.000221,NaN
1598832000,NaN,0.000221,NaN
1598918400,NaN,0.000221,NaN
1599004800,NaN,0.000221,NaN
1599091200,NaN,0.000221,NaN
1599177600,NaN,0.000221,NaN
1599264000,NaN,0.000221,NaN
1599350400,NaN,0.000221,NaN
1599436800,NaN,0.000221,NaN
1599523200,NaN,0.000221,NaN
1599609600,NaN,0.000221,NaN
1599696000,NaN,0.000220,NaN
1599782400,NaN,0.000220,NaN
1599868800,NaN,0.000220,NaN
1599955200,NaN,0.000220,NaN
1600041600,NaN,0.000220,NaN
1600128000,0.000042,0.000219,-0.000177
1600214400,NaN,0.000218,NaN
1600300800,NaN,0.000218,NaN
1600387200,NaN,0.000217,NaN
1600473600,NaN,0.000216,NaN
1600560000,NaN,0.000215,NaN
1600646400,NaN,0.000214,NaN
1600732800,NaN,0.000214,NaN
1600819200,NaN,0.000213,NaN
1600905600,NaN,0.000212,NaN
1600992000,NaN,0.000211,NaN
1601078400,0.000144,0.000210,-0.000066
1601164800,NaN,0.000209,NaN
1601251200,NaN,0.000209,NaN
1601337600,NaN,0.000208,NaN
1601424000,0.000146,0.000207,-0.000061
1601510400,0.000190,0.000206,-0.000016
1601596800,NaN,0.000205,NaN
1601683200,0.000118,0.000204,-0.000086
1601769600,NaN,0.000204,NaN
1601856000,0.000176,0.000203,-0.000027
1601942400,NaN,0.000202,NaN
1602028800,NaN,0.000201,NaN
1602115200,NaN,0.000200,NaN
1602201600,NaN,0.000200,NaN
1602288000,0.000172,0.000199,-0.000027
1602374400,0.000264,0.000198,0.000066
1602460800,NaN,0.000197,NaN
1602547200,NaN,0.000196,NaN
1602633600,0.000178,0.000195,-0.000017
1602720000,NaN,0.000196,NaN
1602806400,NaN,0.000196,NaN
1602892800,NaN,0.000196,NaN
1602979200,NaN,0.000196,NaN
1603065600,0.000190,0.000196,-0.000006
1603152000,NaN,0.000196,NaN
1603238400,NaN,0.000196,NaN
1603324800,NaN,0.000196,NaN
1603411200,NaN,0.000196,NaN
1603497600,NaN,0.000196,NaN
1603584000,NaN,0.000197,NaN
1603670400,NaN,0.000197,NaN
1603756800,NaN,0.000197,NaN
1603843200,NaN,0.000197,NaN
1603929600,NaN,0.000197,NaN
1604016000,NaN,0.000197,NaN
1604102400,NaN,0.000197,NaN
1604188800,0.000204,0.000197,0.000007
1604275200,0.000292,0.000197,0.000095
1604361600,0.000200,0.000198,0.000002
1604448000,NaN,0.000198,NaN
1604534400,NaN,0.000198,NaN
1604620800,NaN,0.000198,NaN
1604707200,NaN,0.000198,NaN
1604793600,0.000214,0.000198,0.000016
1604880000,NaN,0.000198,NaN
1604966400,NaN,0.000198,NaN
1605052800,0.000184,0.000198,-0.000014
1605139200,NaN,0.000198,NaN
1605225600,0.000200,0.000199,0.000001
1605312000,NaN,0.000199,NaN
1605398400,0.000190,0.000200,-0.000010
1605484800,NaN,0.000202,NaN
1605571200,0.000248,0.000204,0.000044
1605657600,NaN,0.000206,NaN
1605744000,0.000250,0.000208,0.000042
1605830400,NaN,0.000210,NaN
1605916800,NaN,0.000211,NaN
1606003200,0.000206,0.000213,-0.000007
1606089600,NaN,0.000215,NaN
1606176000,0.000230,0.000217,0.000013
1606262400,NaN,0.000219,NaN
1606348800,0.000268,0.000221,0.000047
1606435200,NaN,0.000222,NaN
1606521600,NaN,0.000224,NaN
1606608000,NaN,0.000226,NaN
1606694400,NaN,0.000228,NaN
1606780800,NaN,0.000230,NaN
1606867200,NaN,0.000232,NaN
1606953600,NaN,0.000233,NaN
1607040000,NaN,0.000235,NaN
1607126400,NaN,0.000237,NaN
1607212800,NaN,0.000239,NaN
1607299200,0.000172,0.000241,-0.000069
1607385600,0.000156,0.000243,-0.000087
1607472000,0.000048,0.000244,-0.000196
1607558400,NaN,0.000246,NaN
1607644800,NaN,0.000248,NaN
1607731200,NaN,0.000250,NaN
1607817600,NaN,0.000252,NaN
1607904000,NaN,0.000254,NaN
1607990400,NaN,0.000253,NaN
1608076800,NaN,0.000253,NaN
1608163200,NaN,0.000252,NaN
1608249600,NaN,0.000252,NaN
1608336000,NaN,0.000251,NaN
1608422400,0.000265,0.000251,0.000014
1608508800,NaN,0.000250,NaN
1608595200,0.000252,0.000250,0.000002
1608681600,NaN,0.000249,NaN
1608768000,0.000408,0.000249,0.000159
1608854400,0.000074,0.000248,-0.000174
1608940800,0.000248,0.000248,0.000000
1609027200,NaN,0.000247,NaN
1609113600,0.000216,0.000247,-0.000031
1609200000,0.000272,0.000247,0.000025
1609286400,NaN,0.000246,NaN
1609372800,NaN,0.000246,NaN
1609459200,NaN,0.000245,NaN
1609545600,NaN,0.000245,NaN
1609632000,0.000294,0.000244,0.000050
1609718400,0.000270,0.000244,0.000026
1609804800,0.000166,0.000243,-0.000077
1609891200,NaN,0.000243,NaN
1609977600,NaN,0.000242,NaN
1610064000,NaN,0.000242,NaN
1610150400,NaN,0.000241,NaN
1610236800,NaN,0.000241,NaN
1610323200,NaN,0.000240,NaN
1610409600,NaN,0.000240,NaN
1610496000,NaN,0.000240,NaN
1610582400,NaN,0.000239,NaN
1610668800,0.000244,0.000239,0.000005
1610755200,0.000210,0.000238,-0.000028
1610841600,0.000222,0.000238,-0.000016
1610928000,0.000282,0.000237,0.000045
1611014400,NaN,0.000237,NaN
1611100800,0.000276,0.000236,0.000040
1611187200,0.000096,0.000236,-0.000140
1611273600,NaN,0.000235,NaN
1611360000,NaN,0.000235,NaN
1611446400,NaN,0.000234,NaN
1611532800,NaN,0.000234,NaN
1611619200,NaN,0.000233,NaN
1611705600,NaN,0.000233,NaN
1611792000,NaN,0.000232,NaN
1611878400,NaN,0.000232,NaN
1611964800,0.000220,0.000231,-0.000011
1612051200,0.000264,0.000231,0.000033
1612137600,0.000280,0.000230,0.000050
1612224000,0.000164,0.000230,-0.000066
1612310400,0.000246,0.000229,0.000017
1612396800,NaN,0.000229,NaN
1612483200,NaN,0.000228,NaN
1612569600,NaN,0.000228,NaN
1612656000,0.000222,0.000227,-0.000005
1612742400,NaN,0.000227,NaN
1612828800,NaN,0.000227,NaN
1612915200,NaN,0.000226,NaN
1613001600,NaN,0.000226,NaN
1613088000,NaN,0.000225,NaN
1613174400,NaN,0.000225,NaN
1613260800,NaN,0.000224,NaN
1613347200,NaN,0.000224,NaN
1613433600,NaN,0.000223,NaN
1613520000,NaN,0.000223,NaN
1613606400,NaN,0.000222,NaN
1613692800,NaN,0.000222,NaN
1613779200,0.000334,0.000221,0.000113
1613865600,NaN,0.000221,NaN
1613952000,NaN,0.000220,NaN
1614038400,0.000272,0.000220,0.000052
1614124800,NaN,0.000219,NaN
1614211200,0.000354,0.000219,0.000135
1614297600,NaN,0.000218,NaN
1614384000,NaN,0.000218,NaN
1614470400,0.000372,0.000218,0.000154
1614556800,NaN,0.000217,NaN
1614643200,NaN,0.000217,NaN
1614729600,0.000250,0.000216,0.000034
1614816000,NaN,0.000216,NaN
1614902400,NaN,0.000215,NaN
1614988800,0.000314,0.000215,0.000099
1615075200,0.000288,0.000214,0.000074
1615161600,NaN,0.000214,NaN
1615248000,0.000335,0.000213,0.000122
1615334400,NaN,0.000213,NaN
1615420800,NaN,0.000212,NaN
1615507200,0.000228,0.000212,0.000016
1615593600,NaN,0.000211,NaN
1615680000,0.000290,0.000211,0.000079
1615766400,NaN,0.000211,NaN
1615852800,NaN,0.000209,NaN
1615939200,NaN,0.000208,NaN
1616025600,NaN,0.000206,NaN
1616112000,NaN,0.000205,NaN
1616198400,NaN,0.000203,NaN
1616284800,0.000182,0.000202,-0.000020
1616371200,NaN,0.000201,NaN
1616457600,NaN,0.000199,NaN
1616544000,NaN,0.000198,NaN
1616630400,NaN,0.000196,NaN
1616716800,NaN,0.000195,NaN
1616803200,NaN,0.000193,NaN
1616889600,NaN,0.000192,NaN
1616976000,NaN,0.000191,NaN
1617062400,0.000144,0.000189,-0.000045
1617148800,NaN,0.000188,NaN
1617235200,NaN,0.000186,NaN
1617321600,NaN,0.000185,NaN
1617408000,NaN,0.000183,NaN
1617494400,NaN,0.000182,NaN
1617580800,0.000202,0.000180,0.000022
1617667200,0.000144,0.000179,-0.000035
1617753600,NaN,0.000178,NaN
1617840000,NaN,0.000176,NaN
1617926400,NaN,0.000175,NaN
1618012800,NaN,0.000173,NaN
1618099200,0.000148,0.000172,-0.000024
1618185600,NaN,0.000170,NaN
1618272000,NaN,0.000169,NaN
1618358400,NaN,0.000168,NaN
1618444800,NaN,0.000166,NaN
1618531200,NaN,0.000167,NaN
1618617600,NaN,0.000168,NaN
1618704000,NaN,0.000168,NaN
1618790400,NaN,0.000169,NaN
1618876800,0.000114,0.000170,-0.000056
1618963200,NaN,0.000171,NaN
1619049600,NaN,0.000171,NaN
1619136000,NaN,0.000172,NaN
1619222400,NaN,0.000173,NaN
1619308800,0.000192,0.000173,0.000019
1619395200,NaN,0.000174,NaN
1619481600,NaN,0.000175,NaN
1619568000,NaN,0.000176,NaN
1619654400,NaN,0.000176,NaN
1619740800,NaN,0.000177,NaN
1619827200,NaN,0.000178,NaN
1619913600,NaN,0.000178,NaN
1620000000,NaN,0.000179,NaN
1620086400,NaN,0.000180,NaN
1620172800,NaN,0.000181,NaN
1620259200,NaN,0.000181,NaN
1620345600,NaN,0.000182,NaN
1620432000,0.000168,0.000183,-0.000015
1620518400,NaN,0.000183,NaN
1620604800,NaN,0.000184,NaN
1620691200,NaN,0.000185,NaN
1620777600,NaN,0.000186,NaN
1620864000,NaN,0.000186,NaN
1620950400,NaN,0.000187,NaN
1621036800,NaN,0.000188,NaN
1621123200,NaN,0.000189,NaN
1621209600,0.000190,0.000189,0.000001
1621296000,NaN,0.000190,NaN
1621382400,NaN,0.000191,NaN
1621468800,NaN,0.000192,NaN
1621555200,NaN,0.000192,NaN
1621641600,NaN,0.000193,NaN
1621728000,NaN,0.000194,NaN
1621814400,NaN,0.000195,NaN
1621900800,NaN,0.000196,NaN
1621987200,0.000292,0.000196,0.000096
1622073600,NaN,0.000197,NaN
1622160000,NaN,0.000198,NaN
1622246400,NaN,0.000199,NaN
1622332800,NaN,0.000199,NaN
1622419200,0.000202,0.000200,0.000002
1622505600,NaN,0.000201,NaN
1622592000,NaN,0.000202,NaN
1622678400,NaN,0.000203,NaN
1622764800,NaN,0.000203,NaN
1622851200,NaN,0.000204,NaN
1622937600,NaN,0.000205,NaN
1623024000,0.000148,0.000206,-0.000058
1623110400,NaN,0.000206,NaN
1623196800,0.000158,0.000207,-0.000049
1623283200,NaN,0.000208,NaN
1623369600,0.000205,0.000209,-0.000004
1623456000,0.000176,0.000210,-0.000034
1623542400,NaN,0.000210,NaN
1623628800,0.000054,0.000211,-0.000157
1623715200,NaN,0.000212,NaN
1623801600,0.000200,0.000212,-0.000012
1623888000,NaN,0.000212,NaN
1623974400,0.000220,0.000212,0.000008
1624060800,NaN,0.000212,NaN
1624147200,NaN,0.000212,NaN
1624233600,NaN,0.000212,NaN
1624320000,NaN,0.000212,NaN
1624406400,NaN,0.000212,NaN
1624492800,NaN,0.000212,NaN
1624579200,NaN,0.000213,NaN
1624665600,NaN,0.000213,NaN
1624752000,NaN,0.000213,NaN
1624838400,NaN,0.000213,NaN
1624924800,NaN,0.000213,NaN
1625011200,NaN,0.000213,NaN
1625097600,NaN,0.000213,NaN
1625184000,NaN,0.000213,NaN
1625270400,NaN,0.000213,NaN
1625356800,NaN,0.000213,NaN
1625443200,NaN,0.000213,NaN
1625529600,NaN,0.000213,NaN
1625616000,NaN,0.000213,NaN
1625702400,NaN,0.000214,NaN
1625788800,NaN,0.000214,NaN
1625875200,NaN,0.000214,NaN
1625961600,NaN,0.000214,NaN
1626048000,NaN,0.000214,NaN
1626134400,NaN,0.000214,NaN
1626220800,NaN,0.000214,NaN
1626307200,NaN,0.000214,NaN
1626393600,NaN,0.000214,NaN
1626480000,NaN,0.000215,NaN
1626566400,NaN,0.000215,NaN
1626652800,NaN,0.000215,NaN
1626739200,NaN,0.000215,NaN
1626825600,NaN,0.000216,NaN
1626912000,NaN,0.000216,NaN
1626998400,NaN,0.000216,NaN
1627084800,NaN,0.000217,NaN
1627171200,NaN,0.000217,NaN
1627257600,NaN,0.000217,NaN
1627344000,0.000270,0.000217,0.000053
1627430400,NaN,0.000218,NaN
1627516800,NaN,0.000218,NaN
1627603200,NaN,0.000218,NaN
1627689600,NaN,0.000219,NaN
1627776000,0.000154,0.000219,-0.000065
1627862400,NaN,0.000219,NaN
1627948800,NaN,0.000220,NaN
1628035200,NaN,0.000220,NaN
1628121600,NaN,0.000220,NaN
1628208000,NaN,0.000220,NaN
1628294400,NaN,0.000221,NaN
1628380800,NaN,0.000221,NaN
1628467200,NaN,0.000221,NaN
1628553600,0.000158,0.000222,-0.000064
1628640000,NaN,0.000222,NaN
1628726400,NaN,0.000222,NaN
1628812800,NaN,0.000222,NaN
1628899200,NaN,0.000223,NaN
1628985600,NaN,0.000223,NaN
1629072000,NaN,0.000223,NaN
1629158400,NaN,0.000223,NaN
1629244800,NaN,0.000223,NaN
1629331200,0.000144,0.000223,-0.000079
1629417600,NaN,0.000223,NaN
1629504000,0.000214,0.000222,-0.000008
1629590400,0.000218,0.000222,-0.000004
1629676800,0.000280,0.000222,0.000058
1629763200,NaN,0.000222,NaN
1629849600,NaN,0.000222,NaN
1629936000,NaN,0.000222,NaN
1630022400,NaN,0.000222,NaN
1630108800,NaN,0.000222,NaN
1630195200,NaN,0.000222,NaN
1630281600,0.000232,0.000222,0.000010
1630368000,NaN,0.000221,NaN
1630454400,NaN,0.000221,NaN
1630540800,NaN,0.000221,NaN
1630627200,0.000214,0.000221,-0.000007
1630713600,0.000180,0.000221,-0.000041
1630800000,NaN,0.000221,NaN
1630886400,NaN,0.000221,NaN
1630972800,0.000066,0.000221,-0.000155
1631059200,NaN,0.000221,NaN
1631145600,NaN,0.000221,NaN
1631232000,NaN,0.000221,NaN
1631318400,0.000268,0.000220,0.000048
1631404800,NaN,0.000220,NaN
1631491200,NaN,0.000220,NaN
1631577600,NaN,0.000220,NaN
1631664000,NaN,0.000220,NaN
1631750400,NaN,0.000219,NaN
1631836800,NaN,0.000218,NaN
1631923200,0.000080,0.000218,-0.000138
1632009600,0.000184,0.000217,-0.000033
1632096000,NaN,0.000216,NaN
1632182400,NaN,0.000215,NaN
1632268800,NaN,0.000214,NaN
1632355200,NaN,0.000214,NaN
1632441600,0.000142,0.000213,-0.000071
1632528000,0.000068,0.000212,-0.000144
1632614400,NaN,0.000211,NaN
1632700800,0.000221,0.000210,0.000011
1632787200,NaN,0.000209,NaN
1632873600,NaN,0.000209,NaN
1632960000,NaN,0.000208,NaN
1633046400,NaN,0.000207,NaN
1633132800,NaN,0.000206,NaN
1633219200,NaN,0.000205,NaN
1633305600,NaN,0.000204,NaN
1633392000,NaN,0.000204,NaN
1633478400,0.000228,0.000203,0.000025
1633564800,NaN,0.000202,NaN
1633651200,NaN,0.000201,NaN
1633737600,0.000100,0.000200,-0.000100
1633824000,0.000193,0.000200,-0.000007
1633910400,0.000150,0.000199,-0.000049
1633996800,0.000216,0.000198,0.000018
1634083200,0.000174,0.000197,-0.000023
1634169600,NaN,0.000196,NaN
1634256000,0.000106,0.000195,-0.000089
1634342400,NaN,0.000196,NaN
1634428800,0.000218,0.000196,0.000022
1634515200,0.000116,0.000196,-0.000080
1634601600,NaN,0.000196,NaN
1634688000,NaN,0.000196,NaN
1634774400,NaN,0.000196,NaN
1634860800,0.000156,0.000196,-0.000040
1634947200,NaN,0.000196,NaN
1635033600,0.000174,0.000196,-0.000022
1635120000,NaN,0.000196,NaN
1635206400,0.000158,0.000197,-0.000039
1635292800,NaN,0.000197,NaN
1635379200,NaN,0.000197,NaN
1635465600,0.000362,0.000197,0.000165
1635552000,0.000134,0.000197,-0.000063
1635638400,NaN,0.000197,NaN
1635724800,NaN,0.000197,NaN
1635811200,NaN,0.000197,NaN
1635897600,NaN,0.000197,NaN
1635984000,NaN,0.000198,NaN
1636070400,NaN,0.000198,NaN
1636156800,NaN,0.000198,NaN
1636243200,NaN,0.000198,NaN
1636329600,0.000214,0.000198,0.000016
1636416000,NaN,0.000198,NaN
1636502400,NaN,0.000198,NaN
1636588800,NaN,0.000198,NaN
1636675200,NaN,0.000198,NaN
1636761600,0.000226,0.000198,0.000028
1636934400,0.000130,0.000199,-0.000069
1637020800,0.000166,0.000200,-0.000034
1637107200,NaN,0.000202,NaN
1637193600,0.000218,0.000204,0.000014
1637280000,NaN,0.000206,NaN
1637366400,NaN,0.000208,NaN
1637452800,NaN,0.000210,NaN
1637539200,NaN,0.000211,NaN
1637625600,NaN,0.000213,NaN
1637712000,NaN,0.000215,NaN
1637798400,0.000156,0.000217,-0.000061
1637884800,NaN,0.000219,NaN
1637971200,NaN,0.000221,NaN
1638057600,NaN,0.000222,NaN
1638144000,0.000230,0.000224,0.000006
1638230400,0.000162,0.000226,-0.000064
1638316800,NaN,0.000228,NaN
1638403200,NaN,0.000230,NaN
1638489600,0.000226,0.000232,-0.000006
1638576000,0.000232,0.000233,-0.000001
1638662400,NaN,0.000235,NaN
1638748800,NaN,0.000237,NaN
1638835200,NaN,0.000239,NaN
1638921600,NaN,0.000241,NaN
1639008000,NaN,0.000243,NaN
1639094400,NaN,0.000244,NaN
1639180800,NaN,0.000246,NaN
1639267200,NaN,0.000248,NaN
1639353600,0.000224,0.000250,-0.000026
1639440000,NaN,0.000252,NaN
1639526400,NaN,0.000254,NaN
1639612800,0.000152,0.000253,-0.000101
1639699200,NaN,0.000253,NaN
1639785600,NaN,0.000252,NaN
1639872000,NaN,0.000252,NaN
1639958400,NaN,0.000251,NaN
1640044800,NaN,0.000251,NaN
1640131200,0.000194,0.000250,-0.000056
1640217600,NaN,0.000250,NaN
1640304000,0.000216,0.000249,-0.000033
1640390400,0.000168,0.000249,-0.000081
1640476800,NaN,0.000248,NaN
1640563200,0.000196,0.000248,-0.000052
1640649600,NaN,0.000247,NaN
1640736000,0.000250,0.000247,0.000003
1640822400,NaN,0.000246,NaN
1640908800,0.000246,0.000246,0.000000
1640995200,NaN,0.000245,NaN
1641081600,NaN,0.000245,NaN
1641168000,NaN,0.000244,NaN
1641254400,NaN,0.000244,NaN
1641340800,0.000202,0.000243,-0.000041
1641427200,0.000100,0.000243,-0.000143
1641513600,NaN,0.000242,NaN
1641600000,NaN,0.000242,NaN
1641686400,NaN,0.000242,NaN
1641772800,NaN,0.000241,NaN
1641859200,NaN,0.000241,NaN
1641945600,NaN,0.000240,NaN
1642032000,0.000026,0.000240,-0.000214
1642118400,0.000204,0.000239,-0.000035
1642204800,NaN,0.000239,NaN
1642291200,NaN,0.000238,NaN
1642377600,0.000344,0.000238,0.000106
1642464000,NaN,0.000237,NaN
1642550400,NaN,0.000237,NaN
1642636800,NaN,0.000236,NaN
1642723200,NaN,0.000236,NaN
1642809600,0.000180,0.000235,-0.000055
1642896000,0.000224,0.000235,-0.000011
1642982400,NaN,0.000234,NaN
1643068800,NaN,0.000234,NaN
1643155200,NaN,0.000233,NaN
1643241600,NaN,0.000233,NaN
1643328000,NaN,0.000232,NaN
1643414400,0.000170,0.000232,-0.000062
1643500800,0.000242,0.000231,0.000011
1643587200,NaN,0.000231,NaN
1643673600,NaN,0.000230,NaN
1643760000,NaN,0.000230,NaN
1643846400,NaN,0.000229,NaN
1643932800,NaN,0.000229,NaN
1644019200,NaN,0.000228,NaN
1644105600,NaN,0.000228,NaN
1644192000,NaN,0.000227,NaN
1644278400,0.000232,0.000227,0.000005
1644364800,0.000304,0.000227,0.000077
1644451200,0.000232,0.000226,0.000006
1644537600,NaN,0.000226,NaN
1644624000,NaN,0.000225,NaN
1644710400,0.000282,0.000225,0.000057
1644796800,NaN,0.000224,NaN
1644883200,NaN,0.000224,NaN
1644969600,NaN,0.000223,NaN
1645056000,NaN,0.000223,NaN
1645142400,NaN,0.000222,NaN
1645228800,0.000242,0.000222,0.000020
1645315200,0.000186,0.000221,-0.000035
1645401600,0.000370,0.000221,0.000149
1645488000,0.000224,0.000220,0.000004
1645574400,NaN,0.000220,NaN
1645660800,NaN,0.000219,NaN
1645747200,NaN,0.000219,NaN
1645833600,NaN,0.000218,NaN
1645920000,NaN,0.000218,NaN
1646006400,NaN,0.000218,NaN
1646092800,0.000192,0.000217,-0.000025
1646179200,NaN,0.000217,NaN
1646265600,0.000166,0.000216,-0.000050
1646352000,0.000032,0.000216,-0.000184
1646438400,NaN,0.000215,NaN
1646524800,0.000164,0.000215,-0.000051
1646611200,NaN,0.000214,NaN
1646697600,NaN,0.000214,NaN
1646784000,NaN,0.000213,NaN
1646870400,NaN,0.000213,NaN
1646956800,NaN,0.000212,NaN
1647043200,NaN,0.000212,NaN
1647129600,NaN,0.000211,NaN
1647216000,NaN,0.000211,NaN
1647302400,0.000206,0.000211,-0.000005
1647388800,0.000192,0.000209,-0.000017
1647475200,0.000262,0.000208,0.000054
1647561600,NaN,0.000206,NaN
1647648000,NaN,0.000205,NaN
1647734400,0.000154,0.000203,-0.000049
1647820800,NaN,0.000202,NaN
1647907200,NaN,0.000201,NaN
1647993600,NaN,0.000199,NaN
1648080000,0.000246,0.000198,0.000048
1648166400,0.000172,0.000196,-0.000024
1648252800,0.000166,0.000195,-0.000029
1648339200,NaN,0.000193,NaN
1648425600,NaN,0.000192,NaN
1648512000,NaN,0.000191,NaN
1648598400,NaN,0.000189,NaN
1650153600,NaN,0.000168,NaN
1650240000,NaN,0.000168,NaN
1650326400,NaN,0.000169,NaN
1650412800,NaN,0.000170,NaN
1650499200,NaN,0.000171,NaN
1650585600,NaN,0.000171,NaN
1650672000,NaN,0.000172,NaN
1650758400,NaN,0.000173,NaN
1650844800,NaN,0.000173,NaN
1650931200,NaN,0.000174,NaN
1651017600,NaN,0.000175,NaN
1651104000,0.000161,0.000176,-0.000015
1651190400,NaN,0.000176,NaN
1651276800,0.000214,0.000177,0.000037
1651363200,NaN,0.000178,NaN
1651449600,NaN,0.000178,NaN
1651536000,NaN,0.000179,NaN
1651622400,0.000212,0.000180,0.000032
1651708800,NaN,0.000181,NaN
1651795200,NaN,0.000181,NaN
1651881600,NaN,0.000182,NaN
1651968000,NaN,0.000183,NaN
1652054400,NaN,0.000183,NaN
1652140800,NaN,0.000184,NaN
1652227200,NaN,0.000185,NaN
1652313600,0.000146,0.000186,-0.000040
1652400000,NaN,0.000186,NaN
1652486400,NaN,0.000187,NaN
1652572800,NaN,0.000188,NaN
1652659200,0.000136,0.000189,-0.000053
1652745600,NaN,0.000189,NaN
1652832000,0.000270,0.000190,0.000080
1652918400,NaN,0.000191,NaN
1653004800,NaN,0.000192,NaN
1653091200,NaN,0.000192,NaN
1653177600,NaN,0.000193,NaN
1653264000,0.000194,0.000194,-0.000000
1653350400,NaN,0.000195,NaN
1653436800,NaN,0.000196,NaN
1653523200,0.000224,0.000196,0.000028
1653609600,0.000228,0.000197,0.000031
1653696000,0.000284,0.000198,0.000086
1653782400,NaN,0.000199,NaN
1653868800,NaN,0.000199,NaN
1653955200,NaN,0.000200,NaN
1654041600,NaN,0.000201,NaN
1654128000,NaN,0.000202,NaN
1654214400,NaN,0.000203,NaN
1654300800,0.000220,0.000203,0.000017
1654387200,NaN,0.000204,NaN
1654473600,0.000120,0.000205,-0.000085
1654560000,NaN,0.000206,NaN
1654646400,NaN,0.000206,NaN
1654732800,NaN,0.000207,NaN
1654819200,NaN,0.000208,NaN
1654905600,NaN,0.000209,NaN
1654992000,NaN,0.000210,NaN
1655078400,NaN,0.000210,NaN
1655164800,NaN,0.000211,NaN
1655251200,NaN,0.000212,NaN
1655337600,NaN,0.000212,NaN
1655424000,0.000102,0.000212,-0.000110
1655510400,0.000176,0.000212,-0.000036
1655596800,0.000292,0.000212,0.000080
1655683200,NaN,0.000212,NaN
1655769600,NaN,0.000212,NaN
1655856000,NaN,0.000212,NaN
1655942400,NaN,0.000212,NaN
1656028800,0.000124,0.000212,-0.000088
1656115200,0.000164,0.000213,-0.000049
1656201600,0.000216,0.000213,0.000003
1656288000,NaN,0.000213,NaN
1656374400,NaN,0.000213,NaN
1656460800,NaN,0.000213,NaN
1656547200,NaN,0.000213,NaN
1656633600,NaN,0.000213,NaN
1656720000,NaN,0.000213,NaN
1656806400,0.000260,0.000213,0.000047
1656892800,0.000244,0.000213,0.000031
1656979200,NaN,0.000213,NaN
1657065600,NaN,0.000213,NaN
1657152000,NaN,0.000213,NaN
1657238400,NaN,0.000214,NaN
1657324800,NaN,0.000214,NaN
1657411200,NaN,0.000214,NaN
1657497600,NaN,0.000214,NaN
1657584000,NaN,0.000214,NaN
1657670400,NaN,0.000214,NaN
1657756800,NaN,0.000214,NaN
1657843200,NaN,0.000214,NaN
1657929600,NaN,0.000214,NaN
1658016000,0.000186,0.000215,-0.000029
1658102400,0.000206,0.000215,-0.000009
1658188800,NaN,0.000215,NaN
1658275200,0.000306,0.000215,0.000091
1658361600,NaN,0.000216,NaN
1658448000,NaN,0.000216,NaN
1658534400,NaN,0.000216,NaN
1658620800,NaN,0.000217,NaN
1658707200,NaN,0.000217,NaN
1658793600,NaN,0.000217,NaN
1658880000,0.000244,0.000217,0.000027
1658966400,NaN,0.000218,NaN
1659052800,NaN,0.000218,NaN
1659139200,NaN,0.000218,NaN
1659225600,NaN,0.000219,NaN
1659312000,NaN,0.000219,NaN
1659398400,NaN,0.000219,NaN
1659484800,NaN,0.000220,NaN
1659571200,NaN,0.000220,NaN
1659657600,NaN,0.000220,NaN
1659744000,NaN,0.000220,NaN
1659830400,NaN,0.000221,NaN
1659916800,NaN,0.000221,NaN
1660003200,0.000194,0.000221,-0.000027
1660089600,NaN,0.000222,NaN
1660176000,NaN,0.000222,NaN
1660262400,NaN,0.000222,NaN
1660348800,NaN,0.000222,NaN
1660435200,NaN,0.000223,NaN
1660521600,NaN,0.000223,NaN
1660608000,0.000298,0.000223,0.000075
1660694400,NaN,0.000223,NaN
1660780800,0.000208,0.000223,-0.000015
1660867200,NaN,0.000223,NaN
1660953600,0.000318,0.000223,0.000095
1661040000,NaN,0.000222,NaN
1661126400,NaN,0.000222,NaN
1661212800,NaN,0.000222,NaN
1661299200,NaN,0.000222,NaN
1661385600,NaN,0.000222,NaN
1661472000,NaN,0.000222,NaN
1661558400,0.000172,0.000222,-0.000050
1661644800,NaN,0.000222,NaN
1661731200,NaN,0.000222,NaN
1661817600,NaN,0.000222,NaN
1661904000,NaN,0.000221,NaN
1661990400,NaN,0.000221,NaN
1662076800,NaN,0.000221,NaN
1662163200,NaN,0.000221,NaN
1662249600,NaN,0.000221,NaN
1662336000,NaN,0.000221,NaN
1662422400,NaN,0.000221,NaN
1662508800,NaN,0.000221,NaN
1662595200,NaN,0.000221,NaN
1662681600,0.000206,0.000221,-0.000015
1662768000,0.000140,0.000221,-0.000081
1662854400,0.000130,0.000220,-0.000090
1662940800,0.000196,0.000220,-0.000024
1663027200,NaN,0.000220,NaN
1663113600,NaN,0.000220,NaN
1663200000,NaN,0.000220,NaN
1663286400,NaN,0.000219,NaN
1663372800,0.000164,0.000218,-0.000054
1663459200,0.000136,0.000218,-0.000082
1663545600,0.000149,0.000217,-0.000068
1663632000,NaN,0.000216,NaN
1663718400,NaN,0.000215,NaN
1663804800,0.000040,0.000214,-0.000174
1663891200,NaN,0.000214,NaN
1663977600,0.000116,0.000213,-0.000097
1664064000,NaN,0.000212,NaN
1664150400,0.000209,0.000211,-0.000002
1664236800,0.000014,0.000210,-0.000196
1664323200,0.000266,0.000209,0.000057
1664409600,0.000286,0.000209,0.000077
1664496000,NaN,0.000208,NaN
1664582400,0.000206,0.000207,-0.000001
1664668800,0.000138,0.000206,-0.000068
1664755200,NaN,0.000205,NaN
1664841600,NaN,0.000204,NaN
1664928000,NaN,0.000204,NaN
1665014400,NaN,0.000203,NaN
1665100800,NaN,0.000202,NaN
1665187200,NaN,0.000201,NaN
1665273600,0.000208,0.000200,0.000008
1665360000,0.000206,0.000200,0.000006
1665446400,NaN,0.000199,NaN
1665532800,NaN,0.000198,NaN
1665619200,NaN,0.000197,NaN
1665705600,0.000238,0.000196,0.000042
1665792000,NaN,0.000195,NaN
1665878400,NaN,0.000196,NaN
1665964800,NaN,0.000196,NaN
1666051200,NaN,0.000196,NaN
1666137600,0.000186,0.000196,-0.000010
1666224000,NaN,0.000196,NaN
1666310400,0.000188,0.000196,-0.000008
1666396800,0.000114,0.000196,-0.000082
1666483200,NaN,0.000196,NaN
1666569600,NaN,0.000196,NaN
1666656000,NaN,0.000196,NaN
1666742400,0.000240,0.000197,0.000043
1666828800,NaN,0.000197,NaN
1666915200,NaN,0.000197,NaN
1667001600,NaN,0.000197,NaN
1667088000,NaN,0.000197,NaN
1667174400,NaN,0.000197,NaN
1667260800,NaN,0.000197,NaN
1667347200,NaN,0.000197,NaN
1667433600,NaN,0.000197,NaN
1667520000,NaN,0.000198,NaN
1667606400,NaN,0.000198,NaN
1667692800,0.000238,0.000198,0.000040
1667779200,NaN,0.000198,NaN
1667865600,NaN,0.000198,NaN
1667952000,NaN,0.000198,NaN
1668038400,0.000098,0.000198,-0.000100
1668124800,0.000218,0.000198,0.000020
1668211200,NaN,0.000198,NaN
1668297600,NaN,0.000198,NaN
1668384000,NaN,0.000199,NaN
1668470400,NaN,0.000199,NaN
1668556800,NaN,0.000200,NaN
1668643200,NaN,0.000202,NaN
1668729600,NaN,0.000204,NaN
1668816000,NaN,0.000206,NaN
1668902400,NaN,0.000208,NaN
1668988800,NaN,0.000210,NaN
1669075200,NaN,0.000211,NaN
1669161600,NaN,0.000213,NaN
1669248000,0.000320,0.000215,0.000105
1669334400,NaN,0.000217,NaN
1669420800,NaN,0.000219,NaN
1669507200,0.000254,0.000221,0.000033
1669593600,NaN,0.000222,NaN
1669680000,NaN,0.000224,NaN
1669766400,NaN,0.000226,NaN
1669852800,NaN,0.000228,NaN
1669939200,NaN,0.000230,NaN
1670025600,NaN,0.000232,NaN
1670112000,NaN,0.000233,NaN
1670198400,NaN,0.000235,NaN
1670284800,0.000224,0.000237,-0.000013
1670371200,NaN,0.000239,NaN
1670457600,0.000208,0.000241,-0.000033
1670544000,0.000116,0.000243,-0.000127
1670630400,NaN,0.000244,NaN
1670716800,0.000160,0.000246,-0.000086
1670803200,NaN,0.000248,NaN
1670889600,0.000330,0.000250,0.000080
1670976000,NaN,0.000252,NaN
1671062400,0.000136,0.000254,-0.000118
1671148800,0.000078,0.000253,-0.000175
1671235200,NaN,0.000253,NaN
1671321600,NaN,0.000252,NaN
1671408000,NaN,0.000252,NaN
1671494400,NaN,0.000251,NaN
1671580800,NaN,0.000251,NaN
1671667200,NaN,0.000250,NaN
1671753600,NaN,0.000250,NaN
1671840000,NaN,0.000249,NaN
1671926400,NaN,0.000249,NaN
1672012800,NaN,0.000248,NaN
1672099200,0.000262,0.000248,0.000014
1672185600,NaN,0.000247,NaN
1672272000,0.000392,0.000247,0.000145
1672358400,NaN,0.000246,NaN
1672444800,NaN,0.000246,NaN
1672531200,NaN,0.000245,NaN
1672617600,NaN,0.000245,NaN
1672704000,NaN,0.000244,NaN
1672790400,NaN,0.000244,NaN
1672876800,0.000250,0.000243,0.000007
1672963200,0.000266,0.000243,0.000023
1673049600,0.000234,0.000242,-0.000008
1673136000,NaN,0.000242,NaN
1673222400,NaN,0.000242,NaN
1673308800,0.000188,0.000241,-0.000053
1673395200,NaN,0.000241,NaN
1673481600,NaN,0.000240,NaN
1673568000,0.000434,0.000240,0.000194
1673654400,0.000228,0.000239,-0.000011
1673740800,NaN,0.000239,NaN
1673827200,NaN,0.000238,NaN
1673913600,0.000216,0.000238,-0.000022
1674000000,NaN,0.000237,NaN
1674086400,0.000174,0.000237,-0.000063
1674172800,NaN,0.000236,NaN
1674259200,NaN,0.000236,NaN
1674345600,NaN,0.000235,NaN
1674432000,NaN,0.000235,NaN
1674518400,NaN,0.000234,NaN
1674604800,NaN,0.000234,NaN
1674691200,NaN,0.000233,NaN
1674777600,NaN,0.000233,NaN
1674864000,NaN,0.000232,NaN
1674950400,NaN,0.000232,NaN
1675036800,0.000262,0.000231,0.000031
1675123200,0.000150,0.000231,-0.000081
1675209600,NaN,0.000230,NaN
1675296000,NaN,0.000230,NaN
1675382400,NaN,0.000229,NaN
1675468800,0.000315,0.000229,0.000086
1675555200,0.000112,0.000228,-0.000116
1675641600,NaN,0.000228,NaN
1675728000,0.000174,0.000227,-0.000053
1675814400,NaN,0.000227,NaN
1675900800,0.000210,0.000227,-0.000017
1675987200,NaN,0.000226,NaN
1676073600,NaN,0.000226,NaN
1676160000,0.000286,0.000225,0.000061
1676246400,0.000156,0.000225,-0.000069
1676332800,NaN,0.000224,NaN
1676419200,NaN,0.000224,NaN
1676505600,NaN,0.000223,NaN
1676592000,NaN,0.000223,NaN
1676678400,NaN,0.000222,NaN
1676764800,0.000094,0.000222,-0.000128
1676851200,NaN,0.000221,NaN
1676937600,0.000224,0.000221,0.000003
1677024000,NaN,0.000220,NaN
1677110400,NaN,0.000220,NaN
1677196800,NaN,0.000219,NaN
1677283200,NaN,0.000219,NaN
1677369600,NaN,0.000218,NaN
1677456000,NaN,0.000218,NaN
1677542400,0.000234,0.000218,0.000016
1677628800,NaN,0.000217,NaN
1677715200,NaN,0.000217,NaN
1677801600,NaN,0.000216,NaN
1677888000,0.000202,0.000216,-0.000014
1677974400,NaN,0.000215,NaN
1678060800,NaN,0.000215,NaN
1678147200,NaN,0.000214,NaN
1678233600,NaN,0.000214,NaN
1678320000,0.000156,0.000213,-0.000057
1678406400,NaN,0.000213,NaN
1678492800,0.000260,0.000212,0.000048
1678579200,NaN,0.000212,NaN
1678665600,NaN,0.000211,NaN
1678752000,NaN,0.000211,NaN
1678838400,NaN,0.000211,NaN
1678924800,0.000316,0.000209,0.000107
1679011200,NaN,0.000208,NaN
1679097600,NaN,0.000206,NaN
1679184000,NaN,0.000205,NaN
1679270400,NaN,0.000203,NaN
1679356800,NaN,0.000202,NaN
1679443200,0.000272,0.000201,0.000071
1679529600,0.000210,0.000199,0.000011
1679616000,NaN,0.000198,NaN
1679702400,0.000295,0.000196,0.000099
1679788800,NaN,0.000195,NaN
1679875200,NaN,0.000193,NaN
1679961600,NaN,0.000192,NaN
1680048000,NaN,0.000191,NaN
1680134400,NaN,0.000189,NaN
1680220800,NaN,0.000188,NaN
1680307200,NaN,0.000186,NaN
1680393600,NaN,0.000185,NaN
1680480000,NaN,0.000183,NaN
1680566400,NaN,0.000182,NaN
1680652800,NaN,0.000180,NaN
1680739200,NaN,0.000179,NaN
1680825600,NaN,0.000178,NaN
1680912000,NaN,0.000176,NaN
1680998400,NaN,0.000175,NaN
1681084800,NaN,0.000173,NaN
1681171200,NaN,0.000172,NaN
1681257600,NaN,0.000170,NaN
1681344000,NaN,0.000169,NaN
1681430400,NaN,0.000168,NaN
1681516800,NaN,0.000166,NaN
1681603200,NaN,0.000167,NaN
1681689600,NaN,0.000168,NaN
1681776000,NaN,0.000168,NaN
1681862400,NaN,0.000169,NaN
1681948800,0.000232,0.000170,0.000062
1682035200,0.000200,0.000171,0.000029
1682121600,NaN,0.000171,NaN
1682208000,NaN,0.000172,NaN
1682294400,NaN,0.000173,NaN
1682380800,NaN,0.000173,NaN
1682467200,NaN,0.000174,NaN
1682553600,0.000168,0.000175,-0.000007
1682640000,0.000086,0.000176,-0.000090
1682726400,NaN,0.000176,NaN
1682812800,0.000100,0.000177,-0.000077
1682899200,NaN,0.000178,NaN
1682985600,0.000170,0.000178,-0.000008
1683072000,NaN,0.000179,NaN
1683158400,NaN,0.000180,NaN
1683244800,NaN,0.000181,NaN
1683331200,NaN,0.000181,NaN
1683417600,NaN,0.000182,NaN
1683504000,NaN,0.000183,NaN
1683590400,NaN,0.000183,NaN
1683676800,NaN,0.000184,NaN
1683763200,NaN,0.000185,NaN
1683849600,NaN,0.000186,NaN
1683936000,NaN,0.000186,NaN
1684022400,NaN,0.000187,NaN
1684108800,NaN,0.000188,NaN
1684195200,NaN,0.000189,NaN
1684281600,NaN,0.000189,NaN
1684368000,0.000172,0.000190,-0.000018
1684454400,0.000282,0.000191,0.000091
1684540800,NaN,0.000192,NaN
1684627200,NaN,0.000192,NaN
1684713600,NaN,0.000193,NaN
1684800000,0.000152,0.000194,-0.000042
1684886400,NaN,0.000195,NaN
1684972800,0.000226,0.000196,0.000030
1685059200,NaN,0.000196,NaN
1685145600,NaN,0.000197,NaN
1685232000,NaN,0.000198,NaN
1685318400,NaN,0.000199,NaN
1685404800,0.000172,0.000199,-0.000027
1685491200,0.000286,0.000200,0.000086
1685577600,0.000192,0.000201,-0.000009
1685664000,NaN,0.000202,NaN
1685750400,NaN,0.000203,NaN
1685836800,NaN,0.000203,NaN
1685923200,NaN,0.000204,NaN
1686009600,0.000150,0.000205,-0.000055
1686096000,0.000138,0.000206,-0.000068
1686182400,0.000165,0.000206,-0.000041
1686268800,NaN,0.000207,NaN
1686355200,NaN,0.000208,NaN
1686441600,0.000173,0.000209,-0.000036
1686528000,NaN,0.000210,NaN
1686614400,NaN,0.000210,NaN
1686700800,NaN,0.000211,NaN
1686787200,0.000236,0.000212,0.000024
1686873600,0.000160,0.000212,-0.000052
1686960000,NaN,0.000212,NaN
1687046400,0.000058,0.000212,-0.000154
1687132800,NaN,0.000212,NaN
1687219200,0.000134,0.000212,-0.000078
1687305600,NaN,0.000212,NaN
1687392000,NaN,0.000212,NaN
1687478400,NaN,0.000212,NaN
1687564800,NaN,0.000212,NaN
1687651200,0.000220,0.000213,0.000007
1687737600,NaN,0.000213,NaN
1687824000,0.000174,0.000213,-0.000039
1687910400,0.000128,0.000213,-0.000085
1687996800,NaN,0.000213,NaN
1688083200,0.000160,0.000213,-0.000053
1688169600,NaN,0.000213,NaN
1688256000,0.000274,0.000213,0.000061
1688342400,NaN,0.000213,NaN
1688428800,0.000222,0.000213,0.000009
1688515200,NaN,0.000213,NaN
1688601600,NaN,0.000213,NaN
1688688000,NaN,0.000213,NaN
1688774400,NaN,0.000214,NaN
1688860800,NaN,0.000214,NaN
1688947200,NaN,0.000214,NaN
1689033600,NaN,0.000214,NaN
1689120000,0.000364,0.000214,0.000150
1689206400,NaN,0.000214,NaN
1689292800,NaN,0.000214,NaN
1689379200,NaN,0.000214,NaN
1689465600,0.000224,0.000214,0.000010
1689552000,NaN,0.000215,NaN
1689638400,0.000152,0.000215,-0.000063
1689724800,NaN,0.000215,NaN
1689811200,0.000238,0.000215,0.000023
1689897600,NaN,0.000216,NaN
1689984000,NaN,0.000216,NaN
1690070400,NaN,0.000216,NaN
1690156800,0.000255,0.000217,0.000038
1690243200,NaN,0.000217,NaN
1690329600,0.000210,0.000217,-0.000007
1690416000,0.000256,0.000217,0.000039
1690502400,NaN,0.000218,NaN
1690588800,NaN,0.000218,NaN
1690675200,NaN,0.000218,NaN
1690761600,NaN,0.000219,NaN
1690848000,0.000214,0.000219,-0.000005
1690934400,NaN,0.000219,NaN
1691020800,NaN,0.000220,NaN
1691107200,NaN,0.000220,NaN
1691193600,NaN,0.000220,NaN
1691280000,0.000162,0.000220,-0.000058
1691366400,NaN,0.000221,NaN
1691452800,NaN,0.000221,NaN
1691539200,0.000219,0.000221,-0.000002
1691625600,NaN,0.000222,NaN
1691712000,NaN,0.000222,NaN
1691798400,NaN,0.000222,NaN
1691884800,0.000106,0.000222,-0.000116
1691971200,0.000320,0.000223,0.000097
1692057600,NaN,0.000223,NaN
1692144000,NaN,0.000223,NaN
1692230400,0.000334,0.000223,0.000111
1692316800,NaN,0.000223,NaN
1692403200,NaN,0.000223,NaN
1692489600,NaN,0.000223,NaN
1692576000,NaN,0.000222,NaN
1692662400,NaN,0.000222,NaN
1692748800,NaN,0.000222,NaN
1692835200,NaN,0.000222,NaN
1692921600,NaN,0.000222,NaN
1693008000,NaN,0.000222,NaN
1693094400,0.000246,0.000222,0.000024
1693180800,NaN,0.000222,NaN
1693267200,0.000196,0.000222,-0.000026
1693353600,NaN,0.000222,NaN
1693440000,NaN,0.000221,NaN
1693526400,NaN,0.000221,NaN
1693612800,NaN,0.000221,NaN
1693699200,0.000162,0.000221,-0.000059
1693785600,0.000152,0.000221,-0.000069
1693872000,0.000186,0.000221,-0.000035
1693958400,NaN,0.000221,NaN
1694044800,NaN,0.000221,NaN
1694131200,NaN,0.000221,NaN
1694217600,NaN,0.000221,NaN
1694304000,0.000150,0.000221,-0.000071
1694390400,NaN,0.000220,NaN
1694476800,NaN,0.000220,NaN
1694563200,0.000060,0.000220,-0.000160
1694649600,0.000190,0.000220,-0.000030
1694736000,NaN,0.000220,NaN
1694822400,NaN,0.000219,NaN
1694908800,NaN,0.000218,NaN
1694995200,0.000046,0.000218,-0.000172
1695081600,NaN,0.000217,NaN
1695168000,NaN,0.000216,NaN
1695254400,NaN,0.000215,NaN
1695340800,0.000172,0.000214,-0.000042
1695427200,0.000270,0.000214,0.000056
1695513600,0.000182,0.000213,-0.000031
1695600000,NaN,0.000212,NaN
1695686400,NaN,0.000211,NaN
1695772800,NaN,0.000210,NaN
1695859200,NaN,0.000209,NaN
1695945600,NaN,0.000209,NaN
1696032000,NaN,0.000208,NaN
1696118400,NaN,0.000207,NaN
1696204800,NaN,0.000206,NaN
1696291200,NaN,0.000205,NaN
1696377600,NaN,0.000204,NaN
1696464000,NaN,0.000204,NaN
1696550400,NaN,0.000203,NaN
1696636800,NaN,0.000202,NaN
1696723200,NaN,0.000201,NaN
1696809600,NaN,0.000200,NaN
1696896000,NaN,0.000200,NaN
1696982400,NaN,0.000199,NaN
1697068800,NaN,0.000198,NaN
1697155200,NaN,0.000197,NaN
1697241600,NaN,0.000196,NaN
1697328000,NaN,0.000195,NaN
1697414400,NaN,0.000196,NaN
1697500800,NaN,0.000196,NaN
1697587200,0.000187,0.000196,-0.000009
1697673600,NaN,0.000196,NaN
1697760000,0.000152,0.000196,-0.000044
1697846400,NaN,0.000196,NaN
1697932800,NaN,0.000196,NaN
1698019200,NaN,0.000196,NaN
1698105600,0.000290,0.000196,0.000094
1698192000,NaN,0.000196,NaN
1698278400,NaN,0.000197,NaN
1698364800,0.000240,0.000197,0.000043
1698451200,NaN,0.000197,NaN
1698537600,NaN,0.000197,NaN
1698624000,NaN,0.000197,NaN
1698710400,NaN,0.000197,NaN
1698796800,0.000282,0.000197,0.000085
1698883200,NaN,0.000197,NaN
1698969600,0.000219,0.000197,0.000022
1699056000,NaN,0.000198,NaN
1699142400,NaN,0.000198,NaN
1699228800,NaN,0.000198,NaN
1699315200,NaN,0.000198,NaN
1699401600,NaN,0.000198,NaN
1699488000,NaN,0.000198,NaN
1699574400,NaN,0.000198,NaN
1699660800,NaN,0.000198,NaN
1699747200,NaN,0.000198,NaN
1699833600,NaN,0.000198,NaN
1699920000,NaN,0.000199,NaN
1700006400,NaN,0.000199,NaN
1700092800,NaN,0.000200,NaN
1700179200,0.000255,0.000202,0.000053
1700265600,NaN,0.000204,NaN
1700352000,0.000232,0.000206,0.000026
1700438400,0.000246,0.000208,0.000038
1700524800,NaN,0.000210,NaN
1700611200,NaN,0.000211,NaN
1700697600,NaN,0.000213,NaN
1700784000,NaN,0.000215,NaN
1700870400,NaN,0.000217,NaN
1700956800,NaN,0.000219,NaN
1701043200,NaN,0.000221,NaN
1701129600,0.000140,0.000222,-0.000082
1701216000,NaN,0.000224,NaN
1701302400,NaN,0.000226,NaN
1701388800,NaN,0.000228,NaN
1701475200,NaN,0.000230,NaN
1701561600,NaN,0.000232,NaN
1701648000,NaN,0.000233,NaN
1701734400,NaN,0.000235,NaN
1701820800,NaN,0.000237,NaN
