Time,mean,climatology,anomaly
1325548800,NaN,NaN,NaN
1325635200,0.000788,NaN,NaN
1325721600,0.000540,NaN,NaN
1325808000,NaN,NaN,NaN
1325894400,NaN,NaN,NaN
1325980800,NaN,NaN,NaN
1326067200,NaN,NaN,NaN
1326153600,NaN,NaN,NaN
1326240000,0.001437,NaN,NaN
1326326400,0.002330,NaN,NaN
1326412800,NaN,NaN,NaN
1326499200,0.001120,NaN,NaN
1326585600,NaN,0.000881,NaN
1326672000,0.001122,0.000876,0.000246
1326758400,NaN,0.000870,NaN
1326844800,0.001430,0.000865,0.000565
1326931200,NaN,0.000859,NaN
1327017600,NaN,0.000854,NaN
1327104000,NaN,0.000848,NaN
1327190400,NaN,0.000843,NaN
1327276800,NaN,0.000837,NaN
1327363200,NaN,0.000831,NaN
1327449600,NaN,0.000826,NaN
1327536000,NaN,0.000820,NaN
1327622400,0.000868,0.000815,0.000053
1327708800,0.000683,0.000809,-0.000126
1327795200,NaN,0.000804,NaN
1327881600,NaN,0.000798,NaN
1327968000,0.000881,0.000792,0.000089
1328054400,NaN,0.000787,NaN
1328140800,NaN,0.000781,NaN
1328227200,NaN,0.000776,NaN
1328313600,NaN,0.000770,NaN
1328400000,NaN,0.000765,NaN
1328486400,NaN,0.000759,NaN
1328572800,NaN,0.000754,NaN
1328659200,NaN,0.000748,NaN
1328745600,NaN,0.000742,NaN
1328832000,NaN,0.000737,NaN
1328918400,NaN,0.000731,NaN
1329004800,NaN,0.000726,NaN
1329091200,NaN,0.000720,NaN
1329177600,0.000590,0.000715,-0.000125
1329264000,NaN,0.000709,NaN
1329350400,NaN,0.000708,NaN
1329436800,NaN,0.000707,NaN
1329523200,NaN,0.000706,NaN
1329609600,NaN,0.000705,NaN
1329696000,NaN,0.000704,NaN
1329782400,0.000507,0.000703,-0.000196
1329868800,NaN,0.000703,NaN
1329955200,NaN,0.000702,NaN
1330041600,NaN,0.000701,NaN
1330128000,NaN,0.000700,NaN
1330214400,0.000966,0.000699,0.000267
1330300800,NaN,0.000698,NaN
1330387200,NaN,0.000697,NaN
1330473600,NaN,0.000696,NaN
1330560000,NaN,0.000695,NaN
1330646400,NaN,0.000694,NaN
1330732800,NaN,0.000693,NaN
1330819200,0.000874,0.000692,0.000182
1330905600,0.000558,0.000691,-0.000133
1330992000,NaN,0.000690,NaN
1331078400,NaN,0.000690,NaN
1331164800,NaN,0.000689,NaN
1331251200,NaN,0.000688,NaN
1331337600,NaN,0.000687,NaN
1331424000,NaN,0.000686,NaN
1331510400,NaN,0.000685,NaN
1331596800,0.000400,0.000684,-0.000284
1331683200,0.000456,0.000683,-0.000227
1331769600,0.000322,0.000677,-0.000355
1331856000,0.000192,0.000671,-0.000479
1331942400,NaN,0.000665,NaN
1332028800,NaN,0.000659,NaN
1332115200,NaN,0.000653,NaN
1332201600,NaN,0.000647,NaN
1332288000,NaN,0.000641,NaN
1332374400,NaN,0.000635,NaN
1332460800,0.000324,0.000629,-0.000305
1332720000,0.000474,0.000610,-0.000136
1332806400,NaN,0.000604,NaN
1332892800,0.000195,0.000598,-0.000403
1332979200,NaN,0.000592,NaN
1333065600,NaN,0.000586,NaN
1333152000,NaN,0.000580,NaN
1333238400,0.000177,0.000574,-0.000397
1333324800,0.000182,0.000568,-0.000386
1333411200,NaN,0.000562,NaN
1333497600,NaN,0.000556,NaN
1333584000,NaN,0.000550,NaN
1333670400,NaN,0.000544,NaN
1333756800,0.000016,0.000538,-0.000522
1333843200,NaN,0.000532,NaN
1333929600,NaN,0.000526,NaN
1334016000,NaN,0.000520,NaN
1334102400,0.000114,0.000514,-0.000400
1334188800,0.000032,0.000507,-0.000475
1334275200,0.000185,0.000501,-0.000316
1334361600,NaN,0.000495,NaN
1334448000,NaN,0.000490,NaN
1334534400,NaN,0.000484,NaN
1334620800,NaN,0.000478,NaN
1334707200,0.000345,0.000473,-0.000128
1334793600,0.000318,0.000467,-0.000149
1334880000,NaN,0.000461,NaN
1334966400,NaN,0.000456,NaN
1335052800,0.000588,0.000450,0.000138
1335139200,0.000553,0.000444,0.000109
1335225600,0.000450,0.000439,0.000011
1335312000,NaN,0.000433,NaN
1335398400,NaN,0.000427,NaN
1335484800,0.000435,0.000422,0.000013
1335571200,0.000365,0.000416,-0.000051
1335657600,NaN,0.000411,NaN
1335744000,NaN,0.000405,NaN
1335830400,NaN,0.000399,NaN
1335916800,0.000464,0.000394,0.000070
1336003200,0.000436,0.000388,0.000048
1336089600,NaN,0.000382,NaN
1336176000,NaN,0.000377,NaN
1336262400,NaN,0.000371,NaN
1336348800,NaN,0.000365,NaN
1336435200,0.000382,0.000360,0.000022
1336521600,0.000252,0.000354,-0.000102
1336608000,NaN,0.000348,NaN
1336694400,NaN,0.000343,NaN
1336780800,NaN,0.000337,NaN
1336867200,NaN,0.000331,NaN
1336953600,0.000078,0.000326,-0.000248
1337040000,NaN,0.000324,NaN
1337126400,0.000471,0.000322,0.000149
1337212800,NaN,0.000320,NaN
1337299200,0.000352,0.000319,0.000033
1337385600,NaN,0.000317,NaN
1337472000,0.000228,0.000315,-0.000087
1337558400,0.000332,0.000313,0.000019
1337644800,NaN,0.000312,NaN
1337731200,NaN,0.000310,NaN
1337817600,NaN,0.000308,NaN
1337904000,NaN,0.000306,NaN
1337990400,NaN,0.000305,NaN
1338076800,NaN,0.000303,NaN
1338163200,NaN,0.000301,NaN
1338249600,0.000285,0.000299,-0.000014
1338336000,0.000097,0.000298,-0.000201
1338422400,NaN,0.000296,NaN
1338508800,0.000000,0.000294,-0.000294
1338595200,NaN,0.000293,NaN
1338681600,NaN,0.000291,NaN
1338768000,NaN,0.000289,NaN
1338854400,NaN,0.000287,NaN
1338940800,0.000332,0.000286,0.000046
1339027200,NaN,0.000284,NaN
1339113600,NaN,0.000282,NaN
1339200000,NaN,0.000280,NaN
1339286400,0.000148,0.000279,-0.000131
1339372800,NaN,0.000277,NaN
1339459200,NaN,0.000275,NaN
1339545600,NaN,0.000273,NaN
1339632000,NaN,0.000272,NaN
1339718400,0.000268,0.000271,-0.000003
1339804800,NaN,0.000270,NaN
1339891200,NaN,0.000269,NaN
1339977600,NaN,0.000269,NaN
1340064000,NaN,0.000268,NaN
1340150400,NaN,0.000267,NaN
1340323200,0.000425,0.000266,0.000159
1340409600,NaN,0.000265,NaN
1340496000,0.000544,0.000264,0.000280
1340582400,NaN,0.000263,NaN
1340668800,NaN,0.000263,NaN
1340755200,0.000336,0.000262,0.000074
1340841600,NaN,0.000261,NaN
1340928000,NaN,0.000260,NaN
1341014400,NaN,0.000260,NaN
1341100800,NaN,0.000259,NaN
1341187200,NaN,0.000258,NaN
1341273600,NaN,0.000257,NaN
1341360000,NaN,0.000257,NaN
1341446400,0.000213,0.000256,-0.000043
1341532800,NaN,0.000255,NaN
1341619200,NaN,0.000254,NaN
1341705600,NaN,0.000254,NaN
1341792000,NaN,0.000253,NaN
1341878400,NaN,0.000252,NaN
1341964800,NaN,0.000251,NaN
1342051200,NaN,0.000251,NaN
1342137600,NaN,0.000250,NaN
1342224000,NaN,0.000249,NaN
1342310400,NaN,0.000247,NaN
1342396800,NaN,0.000245,NaN
1342483200,0.000219,0.000243,-0.000024
1342569600,0.000218,0.000241,-0.000023
1342656000,NaN,0.000239,NaN
1342742400,NaN,0.000237,NaN
1342828800,NaN,0.000235,NaN
1342915200,NaN,0.000233,NaN
1343001600,NaN,0.000231,NaN
1343088000,NaN,0.000229,NaN
1343174400,NaN,0.000227,NaN
1343260800,0.000250,0.000225,0.000025
1343347200,NaN,0.000223,NaN
1343433600,NaN,0.000221,NaN
1343520000,NaN,0.000219,NaN
1343606400,NaN,0.000217,NaN
1343692800,NaN,0.000215,NaN
1343779200,NaN,0.000213,NaN
1343865600,NaN,0.000211,NaN
1343952000,0.000122,0.000209,-0.000087
1344038400,NaN,0.000207,NaN
1344124800,NaN,0.000205,NaN
1344211200,NaN,0.000203,NaN
1344297600,0.000064,0.000201,-0.000137
1344384000,0.000102,0.000199,-0.000097
1344470400,0.000340,0.000197,0.000143
1344556800,NaN,0.000195,NaN
1344643200,NaN,0.000193,NaN
1344729600,0.000316,0.000191,0.000125
1344816000,0.000107,0.000189,-0.000082
1344902400,0.000144,0.000187,-0.000043
1344988800,NaN,0.000191,NaN
1345075200,NaN,0.000195,NaN
1345161600,NaN,0.000199,NaN
1345248000,NaN,0.000203,NaN
1345334400,NaN,0.000206,NaN
1345420800,0.000362,0.000210,0.000152
1345507200,NaN,0.000214,NaN
1345593600,NaN,0.000218,NaN
1345680000,NaN,0.000222,NaN
1345766400,NaN,0.000226,NaN
1345852800,NaN,0.000230,NaN
1345939200,NaN,0.000234,NaN
1346025600,0.000319,0.000238,0.000081
1346112000,0.000450,0.000242,0.000208
1346198400,NaN,0.000246,NaN
1346284800,0.000370,0.000250,0.000120
1346371200,NaN,0.000254,NaN
1346457600,NaN,0.000258,NaN
1346544000,0.000342,0.000262,0.000080
1346630400,0.000422,0.000266,0.000156
1346716800,0.000300,0.000270,0.000030
1346803200,0.000274,0.000274,0.000000
1346889600,NaN,0.000278,NaN
1346976000,0.000214,0.000282,-0.000068
1347062400,NaN,0.000286,NaN
1347148800,NaN,0.000290,NaN
1347235200,0.000398,0.000294,0.000104
1347321600,NaN,0.000298,NaN
1347408000,NaN,0.000302,NaN
1347494400,NaN,0.000306,NaN
1347580800,NaN,0.000310,NaN
1347667200,NaN,0.000320,NaN
1347753600,NaN,0.000330,NaN
1347840000,NaN,0.000341,NaN
1347926400,NaN,0.000351,NaN
1348012800,NaN,0.000362,NaN
1348099200,0.000348,0.000372,-0.000024
1348185600,NaN,0.000382,NaN
1348272000,0.000278,0.000393,-0.000115
1348358400,NaN,0.000403,NaN
1348444800,NaN,0.000414,NaN
1348531200,NaN,0.000424,NaN
1348617600,0.000370,0.000434,-0.000064
1348704000,NaN,0.000445,NaN
1348790400,NaN,0.000455,NaN
1348876800,NaN,0.000466,NaN
1348963200,NaN,0.000476,NaN
1349049600,0.000940,0.000486,0.000454
1349136000,0.000884,0.000497,0.000387
1349222400,0.000574,0.000507,0.000067
1349308800,0.000236,0.000518,-0.000282
1349395200,0.000212,0.000528,-0.000317
1349481600,NaN,0.000538,NaN
1349568000,NaN,0.000549,NaN
1349654400,NaN,0.000559,NaN
1349740800,0.000412,0.000570,-0.000158
1349827200,NaN,0.000580,NaN
1349913600,0.000676,0.000590,0.000086
1350000000,0.000573,0.000601,-0.000028
1350086400,0.000614,0.000611,0.000003
1350172800,NaN,0.000622,NaN
1350259200,NaN,0.000642,NaN
1350345600,NaN,0.000662,NaN
1350432000,0.000674,0.000682,-0.000008
1350518400,NaN,0.000702,NaN
1350604800,0.000728,0.000722,0.000006
1350691200,0.000454,0.000742,-0.000288
1350777600,0.000546,0.000763,-0.000217
1350864000,NaN,0.000783,NaN
1350950400,0.000494,0.000803,-0.000309
1351036800,NaN,0.000823,NaN
1351123200,NaN,0.000843,NaN
1351209600,NaN,0.000863,NaN
1351296000,0.001540,0.000883,0.000657
1351382400,0.001028,0.000903,0.000125
1351468800,0.000922,0.000924,-0.000002
1351555200,0.000558,0.000944,-0.000386
1351641600,0.000277,0.000964,-0.000687
1351728000,0.000226,0.000984,-0.000758
1351814400,0.000619,0.001004,-0.000385
1351900800,0.000548,0.001024,-0.000476
1351987200,NaN,0.001044,NaN
1352073600,0.000271,0.001064,-0.000793
1352160000,0.000620,0.001084,-0.000464
1352246400,0.000535,0.001105,-0.000570
1352332800,0.000584,0.001125,-0.000541
1352419200,0.000622,0.001145,-0.000523
1352505600,0.000806,0.001165,-0.000359
1352592000,NaN,0.001185,NaN
1352678400,NaN,0.001205,NaN
1352764800,NaN,0.001225,NaN
1352851200,0.001364,0.001245,0.000119
1352937600,0.001158,0.001240,-0.000082
1353024000,0.001460,0.001235,0.000225
1353110400,0.001469,0.001230,0.000239
1353196800,0.000874,0.001225,-0.000351
1353283200,NaN,0.001220,NaN
1353369600,0.000528,0.001215,-0.000687
1353456000,0.000310,0.001210,-0.000900
1353628800,NaN,0.001200,NaN
1353715200,NaN,0.001195,NaN
1353801600,0.000534,0.001190,-0.000656
1353888000,NaN,0.001185,NaN
1353974400,NaN,0.001180,NaN
1354060800,NaN,0.001175,NaN
1354147200,NaN,0.001170,NaN
1354233600,NaN,0.001165,NaN
1354320000,0.000436,0.001159,-0.000723
1354406400,NaN,0.001154,NaN
1354492800,NaN,0.001149,NaN
1354579200,0.000639,0.001144,-0.000505
1354665600,0.000482,0.001139,-0.000657
1354752000,0.000274,0.001134,-0.000860
1354838400,NaN,0.001129,NaN
1354924800,NaN,0.001124,NaN
1355011200,NaN,0.001119,NaN
1355097600,NaN,0.001114,NaN
1355184000,NaN,0.001109,NaN
1355270400,0.000930,0.001104,-0.000174
1355356800,0.000934,0.001099,-0.000165
1355443200,NaN,0.001094,NaN
1355529600,NaN,0.001087,NaN
1355616000,0.000846,0.001080,-0.000234
1355702400,NaN,0.001074,NaN
1355788800,0.000740,0.001067,-0.000327
1355875200,NaN,0.001061,NaN
1355961600,0.002794,0.001054,0.001740
1356048000,0.001110,0.001047,0.000063
1356134400,0.000748,0.001041,-0.000293
1356220800,NaN,0.001034,NaN
1356307200,NaN,0.001027,NaN
1356393600,NaN,0.001021,NaN
1356480000,NaN,0.001014,NaN
1356566400,NaN,0.001007,NaN
1356652800,NaN,0.001001,NaN
1356739200,NaN,0.000994,NaN
1356825600,NaN,0.000988,NaN
1356912000,NaN,0.000981,NaN
1356998400,NaN,0.000974,NaN
1357084800,NaN,0.000968,NaN
1357171200,NaN,0.000961,NaN
1357257600,NaN,0.000954,NaN
1357344000,NaN,0.000948,NaN
1357430400,NaN,0.000941,NaN
1357516800,NaN,0.000935,NaN
1357603200,NaN,0.000928,NaN
1357689600,NaN,0.000921,NaN
1357776000,NaN,0.000915,NaN
1357862400,NaN,0.000908,NaN
1357948800,NaN,0.000901,NaN
1358035200,NaN,0.000895,NaN
1358121600,NaN,0.000888,NaN
1358208000,NaN,0.000881,NaN
1358294400,NaN,0.000876,NaN
1358380800,0.000800,0.000870,-0.000070
1358467200,0.000866,0.000865,0.000001
1358553600,0.000668,0.000859,-0.000191
1358640000,0.000106,0.000854,-0.000748
1358726400,NaN,0.000848,NaN
1358812800,0.000508,0.000843,-0.000335
1358899200,0.000322,0.000837,-0.000515
1358985600,0.000264,0.000831,-0.000567
1359072000,0.000190,0.000826,-0.000636
1359158400,0.000174,0.000820,-0.000646
1359244800,NaN,0.000815,NaN
1359331200,NaN,0.000809,NaN
1359417600,NaN,0.000804,NaN
1359504000,0.000700,0.000798,-0.000098
1359590400,NaN,0.000792,NaN
1359676800,0.000551,0.000787,-0.000236
1359763200,NaN,0.000781,NaN
1359849600,NaN,0.000776,NaN
1359936000,NaN,0.000770,NaN
1360022400,NaN,0.000765,NaN
1360108800,NaN,0.000759,NaN
1360195200,0.000460,0.000754,-0.000294
1360281600,NaN,0.000748,NaN
1360368000,0.000624,0.000742,-0.000118
1360454400,NaN,0.000737,NaN
1360540800,NaN,0.000731,NaN
1360627200,0.000484,0.000726,-0.000242
1360713600,NaN,0.000720,NaN
1360800000,0.000934,0.000715,0.000219
1360886400,0.000958,0.000709,0.000249
1360972800,0.001424,0.000708,0.000716
1361059200,0.000902,0.000707,0.000195
1361145600,NaN,0.000706,NaN
1361232000,NaN,0.000705,NaN
1361318400,NaN,0.000704,NaN
1361404800,NaN,0.000703,NaN
1361491200,NaN,0.000703,NaN
1361577600,NaN,0.000702,NaN
1361664000,NaN,0.000701,NaN
1361750400,NaN,0.000700,NaN
1361836800,NaN,0.000699,NaN
1361923200,0.000865,0.000698,0.000167
1362009600,NaN,0.000697,NaN
1362096000,0.001422,0.000696,0.000726
1362182400,NaN,0.000695,NaN
1362268800,0.000656,0.000694,-0.000038
1362355200,NaN,0.000693,NaN
1362441600,NaN,0.000692,NaN
1362528000,NaN,0.000691,NaN
1362614400,0.001226,0.000690,0.000536
1362700800,NaN,0.000690,NaN
1362787200,NaN,0.000689,NaN
1362873600,NaN,0.000688,NaN
1362960000,0.003399,0.000687,0.002712
1363046400,0.001482,0.000686,0.000796
1363132800,0.001202,0.000685,0.000517
1363219200,0.001228,0.000684,0.000544
1363305600,0.000734,0.000683,0.000051
1363392000,NaN,0.000677,NaN
1363478400,NaN,0.000671,NaN
1363564800,0.000435,0.000665,-0.000230
1363651200,NaN,0.000659,NaN
1363737600,NaN,0.000653,NaN
1363824000,NaN,0.000647,NaN
1363910400,NaN,0.000641,NaN
1363996800,NaN,0.000635,NaN
1364083200,NaN,0.000629,NaN
1364169600,0.000462,0.000623,-0.000161
1364256000,0.000652,0.000616,0.000036
1364342400,0.000932,0.000610,0.000322
1364428800,NaN,0.000604,NaN
1364515200,NaN,0.000598,NaN
1364601600,NaN,0.000592,NaN
1364688000,0.000340,0.000586,-0.000246
1364774400,0.000328,0.000580,-0.000252
1364860800,NaN,0.000574,NaN
1364947200,NaN,0.000568,NaN
1365033600,NaN,0.000562,NaN
1365120000,0.000366,0.000556,-0.000190
1365206400,NaN,0.000550,NaN
1365292800,NaN,0.000544,NaN
1365379200,NaN,0.000538,NaN
1365465600,NaN,0.000532,NaN
1365552000,NaN,0.000526,NaN
1365638400,0.002016,0.000520,0.001496
1365724800,NaN,0.000514,NaN
1365811200,NaN,0.000507,NaN
1365897600,0.000482,0.000501,-0.000019
1365984000,NaN,0.000495,NaN
1366070400,NaN,0.000490,NaN
1366156800,NaN,0.000484,NaN
1366243200,NaN,0.000478,NaN
1366329600,NaN,0.000473,NaN
1366416000,0.001155,0.000467,0.000688
1366502400,NaN,0.000461,NaN
1366588800,0.000702,0.000456,0.000246
1366675200,NaN,0.000450,NaN
1366761600,NaN,0.000444,NaN
1366848000,NaN,0.000439,NaN
1366934400,NaN,0.000433,NaN
1367020800,0.000328,0.000427,-0.000099
1367107200,NaN,0.000422,NaN
1367193600,NaN,0.000416,NaN
1367280000,NaN,0.000411,NaN
1367366400,0.000340,0.000405,-0.000065
1367452800,NaN,0.000399,NaN
1367539200,NaN,0.000394,NaN
1367625600,NaN,0.000388,NaN
1367712000,0.000706,0.000382,0.000324
1367798400,0.000482,0.000377,0.000105
1367884800,0.000320,0.000371,-0.000051
1367971200,0.000370,0.000365,0.000005
1368057600,NaN,0.000360,NaN
1368144000,NaN,0.000354,NaN
1368230400,NaN,0.000348,NaN
1368316800,NaN,0.000343,NaN
1368403200,0.000276,0.000337,-0.000061
1368489600,NaN,0.000331,NaN
1368576000,NaN,0.000326,NaN
1368662400,0.000568,0.000324,0.000244
1368748800,NaN,0.000322,NaN
1368835200,0.000334,0.000320,0.000014
1368921600,NaN,0.000319,NaN
1369008000,NaN,0.000317,NaN
1369094400,NaN,0.000315,NaN
1369180800,NaN,0.000313,NaN
1369267200,NaN,0.000312,NaN
1369353600,0.000382,0.000310,0.000072
1369440000,NaN,0.000308,NaN
1369526400,NaN,0.000306,NaN
1369612800,0.000254,0.000305,-0.000051
1369699200,NaN,0.000303,NaN
1369785600,NaN,0.000301,NaN
1369872000,NaN,0.000299,NaN
1369958400,NaN,0.000298,NaN
1370044800,0.000111,0.000296,-0.000185
1370131200,0.000062,0.000294,-0.000232
1370217600,0.000204,0.000293,-0.000088
1370304000,NaN,0.000291,NaN
1370390400,NaN,0.000289,NaN
1370476800,0.000108,0.000287,-0.000179
1370563200,0.000126,0.000286,-0.000160
1370649600,NaN,0.000284,NaN
1370736000,NaN,0.000282,NaN
1370822400,NaN,0.000280,NaN
1370908800,NaN,0.000279,NaN
1370995200,NaN,0.000277,NaN
1371081600,NaN,0.000275,NaN
1371168000,NaN,0.000273,NaN
1371254400,NaN,0.000272,NaN
1371340800,NaN,0.000271,NaN
1371427200,0.000133,0.000270,-0.000137
1371513600,0.000127,0.000269,-0.000142
1371600000,NaN,0.000269,NaN
1371686400,NaN,0.000268,NaN
1371772800,NaN,0.000267,NaN
1371859200,NaN,0.000266,NaN
1371945600,NaN,0.000266,NaN
1372032000,NaN,0.000265,NaN
1372118400,0.000545,0.000264,0.000281
1372204800,NaN,0.000263,NaN
1372291200,0.000329,0.000263,0.000066
1372377600,0.000350,0.000262,0.000088
1372464000,NaN,0.000261,NaN
1372550400,0.000382,0.000260,0.000122
1372636800,NaN,0.000260,NaN
1372723200,NaN,0.000259,NaN
1372809600,0.000437,0.000258,0.000179
1372896000,0.000344,0.000257,0.000087
1372982400,0.000252,0.000257,-0.000005
1373068800,NaN,0.000256,NaN
1373155200,NaN,0.000255,NaN
1373241600,NaN,0.000254,NaN
1373328000,NaN,0.000254,NaN
1373414400,NaN,0.000253,NaN
1373500800,0.000133,0.000252,-0.000119
1373587200,NaN,0.000251,NaN
1373673600,0.000324,0.000251,0.000073
1373760000,NaN,0.000250,NaN
1373846400,NaN,0.000249,NaN
1373932800,0.000301,0.000247,0.000054
1374019200,NaN,0.000245,NaN
1374105600,NaN,0.000243,NaN
1374192000,NaN,0.000241,NaN
1374278400,NaN,0.000239,NaN
1374364800,NaN,0.000237,NaN
1374451200,NaN,0.000235,NaN
1374537600,NaN,0.000233,NaN
1374624000,NaN,0.000231,NaN
1374710400,NaN,0.000229,NaN
1374796800,NaN,0.000227,NaN
1374883200,NaN,0.000225,NaN
1374969600,NaN,0.000223,NaN
1375056000,0.000187,0.000221,-0.000034
1375142400,NaN,0.000219,NaN
1375228800,0.000150,0.000217,-0.000067
1375315200,NaN,0.000215,NaN
1375401600,NaN,0.000213,NaN
1375488000,NaN,0.000211,NaN
1375574400,0.000156,0.000209,-0.000053
1375660800,NaN,0.000207,NaN
1375747200,NaN,0.000205,NaN
1375833600,NaN,0.000203,NaN
1375920000,NaN,0.000201,NaN
1376006400,NaN,0.000199,NaN
1376092800,NaN,0.000197,NaN
1376179200,0.000250,0.000195,0.000055
1376265600,0.000202,0.000193,0.000009
1376352000,NaN,0.000191,NaN
1376438400,NaN,0.000189,NaN
1376524800,NaN,0.000187,NaN
1376611200,0.000176,0.000191,-0.000015
1376697600,NaN,0.000195,NaN
1376784000,NaN,0.000199,NaN
1376870400,NaN,0.000203,NaN
1376956800,NaN,0.000206,NaN
1377043200,NaN,0.000210,NaN
1377129600,NaN,0.000214,NaN
1377216000,NaN,0.000218,NaN
1377302400,NaN,0.000222,NaN
1377388800,NaN,0.000226,NaN
1377475200,NaN,0.000230,NaN
1377561600,NaN,0.000234,NaN
1377648000,0.000252,0.000238,0.000014
1377734400,NaN,0.000242,NaN
1377820800,0.000258,0.000246,0.000012
1377907200,0.000093,0.000250,-0.000157
1377993600,0.000162,0.000254,-0.000092
1378080000,0.000184,0.000258,-0.000074
1378166400,0.000245,0.000262,-0.000017
1378252800,0.000354,0.000266,0.000088
1378339200,0.000162,0.000270,-0.000108
1378425600,NaN,0.000274,NaN
1378512000,NaN,0.000278,NaN
1378598400,NaN,0.000282,NaN
1378684800,NaN,0.000286,NaN
1378771200,NaN,0.000290,NaN
1378857600,0.000237,0.000294,-0.000057
1378944000,0.000242,0.000298,-0.000056
1379030400,NaN,0.000302,NaN
1379116800,NaN,0.000306,NaN
1379203200,NaN,0.000310,NaN
1379289600,NaN,0.000320,NaN
1379376000,NaN,0.000330,NaN
1379462400,NaN,0.000341,NaN
1379548800,NaN,0.000351,NaN
1379635200,NaN,0.000362,NaN
1379721600,NaN,0.000372,NaN
1379808000,NaN,0.000382,NaN
1379894400,NaN,0.000393,NaN
1379980800,NaN,0.000403,NaN
1380067200,0.000738,0.000414,0.000324
1380153600,NaN,0.000424,NaN
1380240000,NaN,0.000434,NaN
1380326400,0.000828,0.000445,0.000383
1380412800,0.000818,0.000455,0.000363
1380499200,NaN,0.000466,NaN
1380585600,NaN,0.000476,NaN
1380672000,0.000636,0.000486,0.000150
1380758400,0.000666,0.000497,0.000169
1380844800,0.000456,0.000507,-0.000051
1380931200,0.000485,0.000518,-0.000033
1381017600,NaN,0.000528,NaN
1381104000,0.000252,0.000538,-0.000286
1381190400,0.000254,0.000549,-0.000295
1381276800,0.000193,0.000559,-0.000366
1381363200,0.000242,0.000570,-0.000328
1381449600,NaN,0.000580,NaN
1381536000,0.000368,0.000590,-0.000222
1381622400,NaN,0.000601,NaN
1381708800,NaN,0.000611,NaN
1381795200,NaN,0.000622,NaN
1381881600,0.000322,0.000642,-0.000320
1381968000,NaN,0.000662,NaN
1382054400,NaN,0.000682,NaN
1382140800,NaN,0.000702,NaN
1382227200,NaN,0.000722,NaN
1382313600,NaN,0.000742,NaN
1382400000,NaN,0.000763,NaN
1382486400,0.000910,0.000783,0.000127
1382572800,0.000638,0.000803,-0.000165
1382659200,0.000653,0.000823,-0.000170
1382745600,0.000548,0.000843,-0.000295
1382832000,NaN,0.000863,NaN
1382918400,NaN,0.000883,NaN
1383004800,0.000580,0.000903,-0.000323
1383091200,NaN,0.000924,NaN
1383177600,NaN,0.000944,NaN
1383264000,0.000674,0.000964,-0.000290
1383350400,0.001355,0.000984,0.000371
1383436800,0.000944,0.001004,-0.000060
1383523200,NaN,0.001024,NaN
1383609600,0.000852,0.001044,-0.000192
1383696000,NaN,0.001064,NaN
1383782400,0.003076,0.001084,0.001992
1383868800,0.002390,0.001105,0.001285
1383955200,0.000797,0.001125,-0.000328
1384041600,NaN,0.001145,NaN
1384128000,0.000690,0.001165,-0.000475
1384214400,NaN,0.001185,NaN
1384300800,NaN,0.001205,NaN
1384387200,NaN,0.001225,NaN
1384473600,NaN,0.001245,NaN
1384560000,NaN,0.001240,NaN
1384646400,NaN,0.001235,NaN
1384732800,NaN,0.001230,NaN
1384819200,NaN,0.001225,NaN
1384905600,NaN,0.001220,NaN
1384992000,0.000740,0.001215,-0.000475
1385078400,NaN,0.001210,NaN
1385164800,NaN,0.001205,NaN
1385251200,NaN,0.001200,NaN
1385337600,NaN,0.001195,NaN
1385424000,NaN,0.001190,NaN
1385510400,NaN,0.001185,NaN
1385596800,NaN,0.001180,NaN
1385683200,0.001373,0.001175,0.000198
1385769600,0.001022,0.001170,-0.000148
1385856000,0.000702,0.001165,-0.000463
1385942400,0.000250,0.001159,-0.000909
1386028800,0.000678,0.001154,-0.000476
1386115200,NaN,0.001149,NaN
1386201600,NaN,0.001144,NaN
1386288000,NaN,0.001139,NaN
1386374400,NaN,0.001134,NaN
1386460800,NaN,0.001129,NaN
1386547200,NaN,0.001124,NaN
1386633600,NaN,0.001119,NaN
1386720000,NaN,0.001114,NaN
1386806400,NaN,0.001109,NaN
1386892800,NaN,0.001104,NaN
1386979200,NaN,0.001099,NaN
1387065600,NaN,0.001094,NaN
1387152000,0.001095,0.001087,0.000008
1387238400,0.000862,0.001080,-0.000218
1387324800,0.000740,0.001073,-0.000333
1387411200,NaN,0.001066,NaN
1387497600,NaN,0.001059,NaN
1387584000,NaN,0.001053,NaN
1387670400,NaN,0.001046,NaN
1387756800,NaN,0.001039,NaN
1387843200,0.001130,0.001032,0.000098
1387929600,NaN,0.001025,NaN
1388016000,NaN,0.001018,NaN
1388102400,NaN,0.001012,NaN
1388188800,NaN,0.001005,NaN
1388275200,NaN,0.000998,NaN
1388361600,NaN,0.000991,NaN
1388448000,NaN,0.000984,NaN
1388534400,NaN,0.000977,NaN
1388620800,NaN,0.000970,NaN
1388707200,0.001274,0.000964,0.000310
1388793600,0.000826,0.000957,-0.000131
1388880000,NaN,0.000950,NaN
1388966400,NaN,0.000943,NaN
1389052800,0.001055,0.000936,0.000119
1389139200,NaN,0.000929,NaN
1389225600,0.000514,0.000923,-0.000409
1389312000,NaN,0.000916,NaN
1389398400,0.000257,0.000909,-0.000652
1389484800,0.000358,0.000902,-0.000544
1389571200,0.000258,0.000895,-0.000637
1389657600,0.000774,0.000888,-0.000114
1389744000,0.000874,0.000881,-0.000007
1389830400,0.000742,0.000876,-0.000134
1389916800,0.000464,0.000870,-0.000406
1390003200,NaN,0.000865,NaN
1390089600,0.000472,0.000859,-0.000387
1390176000,0.000405,0.000854,-0.000449
1390262400,0.001104,0.000848,0.000256
1390348800,0.000880,0.000843,0.000037
1390435200,NaN,0.000837,NaN
1390521600,NaN,0.000831,NaN
1390608000,0.001808,0.000826,0.000982
1390694400,0.001552,0.000820,0.000732
1390780800,NaN,0.000815,NaN
1390867200,NaN,0.000809,NaN
1390953600,NaN,0.000804,NaN
1391040000,0.001294,0.000798,0.000496
1391126400,0.001694,0.000792,0.000902
1391212800,0.001154,0.000787,0.000367
1391299200,NaN,0.000781,NaN
1391385600,NaN,0.000776,NaN
1391558400,NaN,0.000765,NaN
1391644800,NaN,0.000759,NaN
1391731200,NaN,0.000754,NaN
1391817600,NaN,0.000748,NaN
1391904000,0.000642,0.000742,-0.000100
1391990400,NaN,0.000737,NaN
1392076800,NaN,0.000731,NaN
1392163200,NaN,0.000726,NaN
1392249600,0.001215,0.000720,0.000495
1392336000,0.000942,0.000715,0.000227
1392422400,0.000690,0.000709,-0.000019
1392508800,0.000512,0.000708,-0.000196
1392595200,0.000536,0.000707,-0.000171
1392681600,NaN,0.000706,NaN
1392768000,0.000258,0.000705,-0.000447
1392854400,NaN,0.000704,NaN
1392940800,0.000872,0.000703,0.000169
1393027200,0.000704,0.000703,0.000001
1393113600,NaN,0.000702,NaN
1393200000,NaN,0.000701,NaN
1393286400,NaN,0.000700,NaN
1393372800,NaN,0.000699,NaN
1393459200,0.000521,0.000698,-0.000177
1393545600,NaN,0.000697,NaN
1393632000,0.000450,0.000696,-0.000246
1393718400,NaN,0.000695,NaN
1393804800,NaN,0.000694,NaN
1393891200,NaN,0.000693,NaN
1393977600,NaN,0.000692,NaN
1394064000,NaN,0.000691,NaN
1394150400,NaN,0.000690,NaN
1394236800,NaN,0.000690,NaN
1394323200,NaN,0.000689,NaN
1394409600,NaN,0.000688,NaN
1394496000,NaN,0.000687,NaN
1394582400,0.000565,0.000686,-0.000121
1394668800,0.000590,0.000685,-0.000095
1394755200,0.000780,0.000684,0.000096
1394841600,NaN,0.000683,NaN
1394928000,NaN,0.000677,NaN
1395014400,NaN,0.000671,NaN
1395100800,0.000520,0.000665,-0.000145
1395187200,0.000366,0.000659,-0.000293
1395273600,NaN,0.000653,NaN
1395360000,0.000332,0.000647,-0.000315
1395446400,NaN,0.000641,NaN
1395532800,NaN,0.000635,NaN
1395619200,NaN,0.000629,NaN
1395705600,NaN,0.000623,NaN
1395792000,NaN,0.000616,NaN
1395878400,NaN,0.000610,NaN
1395964800,NaN,0.000604,NaN
1396051200,NaN,0.000598,NaN
1396137600,NaN,0.000592,NaN
1396224000,NaN,0.000586,NaN
1396310400,NaN,0.000580,NaN
1396396800,NaN,0.000574,NaN
1396483200,NaN,0.000568,NaN
1396569600,0.000448,0.000562,-0.000114
1396656000,NaN,0.000556,NaN
1396742400,NaN,0.000550,NaN
1396828800,NaN,0.000544,NaN
1396915200,0.000716,0.000538,0.000178
1397001600,0.000836,0.000532,0.000304
1397088000,NaN,0.000526,NaN
1397174400,NaN,0.000520,NaN
1397260800,0.000402,0.000514,-0.000112
1397347200,NaN,0.000507,NaN
1397433600,NaN,0.000501,NaN
1397520000,NaN,0.000495,NaN
1397606400,NaN,0.000490,NaN
1397692800,NaN,0.000484,NaN
1397779200,0.001374,0.000478,0.000896
1397865600,0.000728,0.000473,0.000255
1397952000,0.000564,0.000467,0.000097
1398038400,NaN,0.000461,NaN
1398124800,0.000432,0.000456,-0.000024
1398211200,NaN,0.000450,NaN
1398297600,NaN,0.000444,NaN
1398384000,NaN,0.000439,NaN
1398470400,NaN,0.000433,NaN
1398556800,NaN,0.000427,NaN
1398643200,NaN,0.000422,NaN
1398729600,NaN,0.000416,NaN
1398816000,NaN,0.000411,NaN
1398902400,NaN,0.000405,NaN
1398988800,NaN,0.000399,NaN
1399075200,0.000262,0.000394,-0.000132
1399161600,0.000116,0.000388,-0.000272
1399248000,0.000274,0.000382,-0.000108
1399334400,0.000366,0.000377,-0.000011
1399420800,NaN,0.000371,NaN
1399507200,NaN,0.000365,NaN
1399593600,NaN,0.000360,NaN
1399680000,NaN,0.000354,NaN
1399766400,NaN,0.000348,NaN
1399852800,NaN,0.000343,NaN
1399939200,NaN,0.000337,NaN
1400025600,NaN,0.000331,NaN
1400112000,0.000106,0.000326,-0.000220
1400198400,0.000264,0.000324,-0.000060
1400284800,NaN,0.000322,NaN
1400371200,NaN,0.000320,NaN
1400457600,0.000374,0.000319,0.000055
1400544000,0.000243,0.000317,-0.000074
1400630400,0.000294,0.000315,-0.000021
1400716800,0.000537,0.000313,0.000224
1400803200,NaN,0.000312,NaN
1400889600,NaN,0.000310,NaN
1400976000,NaN,0.000308,NaN
1401062400,NaN,0.000306,NaN
1401148800,NaN,0.000305,NaN
1401235200,NaN,0.000303,NaN
1401321600,0.000422,0.000301,0.000121
1401408000,0.000101,0.000299,-0.000198
1401494400,0.000504,0.000298,0.000206
1401580800,NaN,0.000296,NaN
1401667200,NaN,0.000294,NaN
1401753600,NaN,0.000293,NaN
1401840000,0.000188,0.000291,-0.000103
1401926400,0.000075,0.000289,-0.000214
1402012800,0.000110,0.000287,-0.000177
1402099200,0.000345,0.000286,0.000059
1402185600,NaN,0.000284,NaN
1402272000,NaN,0.000282,NaN
1402358400,NaN,0.000280,NaN
1402444800,NaN,0.000279,NaN
1402531200,NaN,0.000277,NaN
1402617600,NaN,0.000275,NaN
1402704000,NaN,0.000273,NaN
1402790400,NaN,0.000272,NaN
1402876800,NaN,0.000271,NaN
1402963200,NaN,0.000270,NaN
1403049600,NaN,0.000269,NaN
1403136000,NaN,0.000269,NaN
1403222400,0.000206,0.000268,-0.000062
1403308800,NaN,0.000267,NaN
1403395200,NaN,0.000266,NaN
1403481600,NaN,0.000266,NaN
1403568000,NaN,0.000265,NaN
1403654400,NaN,0.000264,NaN
1403740800,NaN,0.000263,NaN
1403827200,NaN,0.000263,NaN
1403913600,NaN,0.000262,NaN
1404000000,NaN,0.000261,NaN
1404086400,NaN,0.000260,NaN
1404172800,NaN,0.000260,NaN
1404259200,NaN,0.000259,NaN
1404345600,0.000210,0.000258,-0.000048
1404432000,NaN,0.000257,NaN
1404518400,NaN,0.000257,NaN
1404604800,0.000250,0.000256,-0.000006
1404691200,NaN,0.000255,NaN
1404777600,NaN,0.000254,NaN
1404864000,0.000308,0.000254,0.000054
1404950400,NaN,0.000253,NaN
1405036800,0.000202,0.000252,-0.000050
1405123200,NaN,0.000251,NaN
1405209600,0.000093,0.000251,-0.000158
1405296000,0.000214,0.000250,-0.000036
1405382400,NaN,0.000249,NaN
1405468800,NaN,0.000247,NaN
1405555200,NaN,0.000245,NaN
1405641600,NaN,0.000243,NaN
1405728000,NaN,0.000241,NaN
1405814400,NaN,0.000239,NaN
1405900800,NaN,0.000237,NaN
1405987200,NaN,0.000235,NaN
1406073600,0.000135,0.000233,-0.000098
1406160000,NaN,0.000231,NaN
1406246400,0.000300,0.000229,0.000071
1406332800,NaN,0.000227,NaN
1406419200,0.000294,0.000225,0.000069
1406505600,NaN,0.000223,NaN
1406592000,NaN,0.000221,NaN
1406678400,0.000336,0.000219,0.000117
1406764800,NaN,0.000217,NaN
1406851200,NaN,0.000215,NaN
1406937600,NaN,0.000213,NaN
1407024000,NaN,0.000211,NaN
1407110400,NaN,0.000209,NaN
1407196800,NaN,0.000207,NaN
1407283200,NaN,0.000205,NaN
1407369600,0.000206,0.000203,0.000003
1407456000,0.000032,0.000201,-0.000169
1407542400,0.000097,0.000199,-0.000102
1407628800,NaN,0.000197,NaN
1407715200,NaN,0.000195,NaN
1407801600,NaN,0.000193,NaN
1407888000,NaN,0.000191,NaN
1407974400,NaN,0.000189,NaN
1408060800,NaN,0.000187,NaN
1408147200,NaN,0.000191,NaN
1408233600,NaN,0.000195,NaN
1408320000,NaN,0.000199,NaN
1408406400,NaN,0.000203,NaN
1408492800,NaN,0.000206,NaN
1408579200,NaN,0.000210,NaN
1408665600,NaN,0.000214,NaN
1408752000,0.000101,0.000218,-0.000117
1408838400,NaN,0.000222,NaN
1408924800,NaN,0.000226,NaN
1409011200,NaN,0.000230,NaN
1409097600,NaN,0.000234,NaN
1409184000,NaN,0.000238,NaN
1409270400,NaN,0.000242,NaN
1409356800,NaN,0.000246,NaN
1409443200,NaN,0.000250,NaN
1409529600,NaN,0.000254,NaN
1409616000,NaN,0.000258,NaN
1409702400,NaN,0.000262,NaN
1409788800,NaN,0.000266,NaN
1409875200,NaN,0.000270,NaN
1409961600,0.000324,0.000274,0.000050
1410048000,NaN,0.000278,NaN
1410134400,0.000221,0.000282,-0.000061
1410220800,0.000099,0.000286,-0.000187
1410307200,NaN,0.000290,NaN
1410393600,0.000195,0.000294,-0.000099
1410480000,NaN,0.000298,NaN
1410566400,NaN,0.000302,NaN
1410652800,NaN,0.000306,NaN
1410739200,NaN,0.000310,NaN
1410825600,NaN,0.000320,NaN
1410912000,NaN,0.000330,NaN
1410998400,NaN,0.000341,NaN
1411084800,NaN,0.000351,NaN
1411171200,NaN,0.000362,NaN
1411257600,0.000204,0.000372,-0.000168
1411344000,0.000342,0.000382,-0.000040
1411430400,NaN,0.000393,NaN
1411516800,NaN,0.000403,NaN
1411603200,NaN,0.000414,NaN
1411689600,NaN,0.000424,NaN
1411776000,NaN,0.000434,NaN
1411862400,NaN,0.000445,NaN
1411948800,NaN,0.000455,NaN
1412035200,NaN,0.000466,NaN
1412121600,0.000322,0.000476,-0.000154
1412208000,0.000426,0.000486,-0.000060
1412294400,NaN,0.000497,NaN
1412380800,0.000498,0.000507,-0.000009
1412467200,0.000519,0.000518,0.000001
1412553600,NaN,0.000528,NaN
1412640000,0.000474,0.000538,-0.000064
1412726400,0.000450,0.000549,-0.000099
1412812800,NaN,0.000559,NaN
1412899200,0.000961,0.000570,0.000391
1412985600,0.000564,0.000580,-0.000016
1413072000,NaN,0.000590,NaN
1413158400,NaN,0.000601,NaN
1413244800,NaN,0.000611,NaN
1413331200,0.000979,0.000622,0.000357
1413417600,0.000824,0.000642,0.000182
1413504000,NaN,0.000662,NaN
1413590400,0.000570,0.000682,-0.000112
1413676800,NaN,0.000702,NaN
1413763200,NaN,0.000722,NaN
1413849600,0.000136,0.000742,-0.000606
1413936000,NaN,0.000763,NaN
1414022400,0.000520,0.000783,-0.000263
1414108800,0.000582,0.000803,-0.000221
1414195200,0.000592,0.000823,-0.000231
1414281600,0.000378,0.000843,-0.000465
1414368000,NaN,0.000863,NaN
1414454400,NaN,0.000883,NaN
1414540800,0.000338,0.000903,-0.000565
1414627200,NaN,0.000924,NaN
1414713600,NaN,0.000944,NaN
1414800000,0.000938,0.000964,-0.000026
1414886400,NaN,0.000984,NaN
1414972800,0.000882,0.001004,-0.000122
1415059200,NaN,0.001024,NaN
1415145600,NaN,0.001044,NaN
1415232000,NaN,0.001064,NaN
1415318400,NaN,0.001084,NaN
1415404800,NaN,0.001105,NaN
1415491200,NaN,0.001125,NaN
1415577600,NaN,0.001145,NaN
1415664000,NaN,0.001165,NaN
1415750400,NaN,0.001185,NaN
1415836800,NaN,0.001205,NaN
1415923200,0.001091,0.001225,-0.000134
1416009600,NaN,0.001245,NaN
1416096000,NaN,0.001240,NaN
1416182400,NaN,0.001235,NaN
1416268800,0.002144,0.001230,0.000914
1416355200,0.001042,0.001225,-0.000183
1416441600,0.000904,0.001220,-0.000316
1416528000,0.000840,0.001215,-0.000375
1416614400,NaN,0.001210,NaN
1416700800,0.000666,0.001205,-0.000539
1416787200,NaN,0.001200,NaN
1416873600,NaN,0.001195,NaN
1416960000,0.000910,0.001190,-0.000280
1417046400,0.000696,0.001185,-0.000489
1417132800,0.000530,0.001180,-0.000650
1417219200,0.000272,0.001175,-0.000903
1417305600,0.000240,0.001170,-0.000930
1417392000,NaN,0.001165,NaN
1417478400,NaN,0.001159,NaN
1417564800,NaN,0.001154,NaN
1417651200,NaN,0.001149,NaN
1417737600,NaN,0.001144,NaN
1417824000,0.000552,0.001139,-0.000587
1417910400,NaN,0.001134,NaN
1417996800,NaN,0.001129,NaN
1418083200,0.000970,0.001124,-0.000154
1418169600,NaN,0.001119,NaN
1418256000,NaN,0.001114,NaN
1418342400,0.000860,0.001109,-0.000249
1418428800,NaN,0.001104,NaN
1418515200,NaN,0.001099,NaN
1418601600,NaN,0.001094,NaN
1418688000,0.000650,0.001087,-0.000437
1418774400,NaN,0.001080,NaN
1418860800,NaN,0.001073,NaN
1418947200,NaN,0.001066,NaN
1419033600,NaN,0.001059,NaN
1419120000,NaN,0.001053,NaN
1419206400,0.000666,0.001046,-0.000380
1419292800,NaN,0.001039,NaN
1419379200,NaN,0.001032,NaN
1419465600,NaN,0.001025,NaN
1419552000,NaN,0.001018,NaN
1419638400,NaN,0.001012,NaN
1419724800,NaN,0.001005,NaN
1419811200,NaN,0.000998,NaN
1419897600,NaN,0.000991,NaN
1419984000,NaN,0.000984,NaN
1420070400,NaN,0.000977,NaN
1420156800,NaN,0.000970,NaN
1420243200,NaN,0.000964,NaN
1420329600,NaN,0.000957,NaN
1420416000,NaN,0.000950,NaN
1420502400,0.000588,0.000943,-0.000355
1420588800,NaN,0.000936,NaN
1420675200,NaN,0.000929,NaN
1420761600,NaN,0.000923,NaN
1420848000,NaN,0.000916,NaN
1420934400,NaN,0.000909,NaN
1421020800,NaN,0.000902,NaN
1421107200,NaN,0.000895,NaN
1421193600,NaN,0.000888,NaN
1421280000,NaN,0.000881,NaN
1421366400,NaN,0.000876,NaN
1421452800,0.000816,0.000870,-0.000054
1421539200,0.001134,0.000865,0.000269
1421625600,NaN,0.000859,NaN
1421712000,0.000841,0.000854,-0.000013
1421798400,0.000720,0.000848,-0.000128
1421884800,NaN,0.000843,NaN
1421971200,NaN,0.000837,NaN
1422057600,0.000512,0.000831,-0.000319
1422144000,0.000491,0.000826,-0.000335
1422230400,NaN,0.000820,NaN
1422316800,0.000408,0.000815,-0.000407
1422403200,0.000352,0.000809,-0.000457
1422489600,0.000306,0.000804,-0.000498
1422576000,NaN,0.000798,NaN
1422662400,NaN,0.000792,NaN
1422748800,NaN,0.000787,NaN
1422835200,0.001232,0.000781,0.000451
1422921600,NaN,0.000776,NaN
1423008000,NaN,0.000770,NaN
1423094400,NaN,0.000765,NaN
1423180800,NaN,0.000759,NaN
1423267200,NaN,0.000754,NaN
1423353600,0.000582,0.000748,-0.000166
1423440000,NaN,0.000742,NaN
1423526400,0.000448,0.000737,-0.000289
1423612800,0.000380,0.000731,-0.000351
1423699200,0.000490,0.000726,-0.000236
1423785600,0.000554,0.000720,-0.000166
1423872000,0.000394,0.000715,-0.000321
1423958400,NaN,0.000709,NaN
1424044800,NaN,0.000708,NaN
1424131200,NaN,0.000707,NaN
1424217600,0.001100,0.000706,0.000394
1424304000,0.000530,0.000705,-0.000175
1424390400,NaN,0.000704,NaN
1424476800,NaN,0.000703,NaN
1424563200,NaN,0.000703,NaN
1424649600,NaN,0.000702,NaN
1424736000,NaN,0.000701,NaN
1424822400,NaN,0.000700,NaN
1424908800,NaN,0.000699,NaN
1424995200,NaN,0.000698,NaN
1425081600,NaN,0.000697,NaN
1425168000,NaN,0.000696,NaN
1425254400,NaN,0.000695,NaN
1425340800,0.000658,0.000694,-0.000036
1425427200,NaN,0.000693,NaN
1425513600,NaN,0.000692,NaN
1425600000,NaN,0.000691,NaN
1425686400,0.001868,0.000690,0.001178
1425772800,NaN,0.000690,NaN
1425859200,NaN,0.000689,NaN
1425945600,NaN,0.000688,NaN
1426032000,NaN,0.000687,NaN
1426118400,NaN,0.000686,NaN
1426204800,0.000752,0.000685,0.000067
1426291200,NaN,0.000684,NaN
1426377600,NaN,0.000683,NaN
1426464000,NaN,0.000677,NaN
1426550400,NaN,0.000671,NaN
1426636800,NaN,0.000665,NaN
1426723200,0.000346,0.000659,-0.000313
1426809600,NaN,0.000653,NaN
1426896000,NaN,0.000647,NaN
1426982400,NaN,0.000641,NaN
1427068800,NaN,0.000635,NaN
1427155200,0.000123,0.000629,-0.000506
1427241600,NaN,0.000623,NaN
1427328000,NaN,0.000616,NaN
1427414400,0.000416,0.000610,-0.000194
1427500800,NaN,0.000604,NaN
1427587200,0.000282,0.000598,-0.000316
1427673600,0.000182,0.000592,-0.000410
1427760000,NaN,0.000586,NaN
1427846400,NaN,0.000580,NaN
1427932800,NaN,0.000574,NaN
1428019200,0.000428,0.000568,-0.000140
1428105600,NaN,0.000562,NaN
1428192000,NaN,0.000556,NaN
1428278400,NaN,0.000550,NaN
1428364800,0.000270,0.000544,-0.000274
1428451200,NaN,0.000538,NaN
1428537600,NaN,0.000532,NaN
1428624000,NaN,0.000526,NaN
1428710400,NaN,0.000520,NaN
1428796800,NaN,0.000514,NaN
1428883200,NaN,0.000507,NaN
1428969600,NaN,0.000501,NaN
1429056000,NaN,0.000495,NaN
1429142400,NaN,0.000490,NaN
1429228800,0.000289,0.000484,-0.000195
1429315200,NaN,0.000478,NaN
1429401600,NaN,0.000473,NaN
1429488000,NaN,0.000467,NaN
1429574400,0.000099,0.000461,-0.000363
1429660800,NaN,0.000456,NaN
1429747200,NaN,0.000450,NaN
1429833600,NaN,0.000444,NaN
1429920000,NaN,0.000439,NaN
1430006400,NaN,0.000433,NaN
1430092800,NaN,0.000427,NaN
1430179200,NaN,0.000422,NaN
1430265600,NaN,0.000416,NaN
1430352000,0.000224,0.000411,-0.000187
1430438400,0.000171,0.000405,-0.000234
1430524800,0.000120,0.000399,-0.000279
1430611200,0.000244,0.000394,-0.000150
1430697600,NaN,0.000388,NaN
1430784000,NaN,0.000382,NaN
1430870400,NaN,0.000377,NaN
1430956800,NaN,0.000371,NaN
1431043200,0.000198,0.000365,-0.000167
1431129600,NaN,0.000360,NaN
1431216000,NaN,0.000354,NaN
1431302400,NaN,0.000348,NaN
1431388800,NaN,0.000343,NaN
1431475200,NaN,0.000337,NaN
1431561600,0.000300,0.000331,-0.000031
1431648000,NaN,0.000326,NaN
1431734400,NaN,0.000324,NaN
1431820800,NaN,0.000322,NaN
1431907200,NaN,0.000320,NaN
1431993600,0.000230,0.000319,-0.000089
1432080000,NaN,0.000317,NaN
1432166400,NaN,0.000315,NaN
1432252800,NaN,0.000313,NaN
1432339200,0.000177,0.000312,-0.000135
1432425600,NaN,0.000310,NaN
1432512000,NaN,0.000308,NaN
1432598400,NaN,0.000306,NaN
1432684800,NaN,0.000305,NaN
1432771200,0.000318,0.000303,0.000015
1432857600,NaN,0.000301,NaN
1432944000,0.000232,0.000299,-0.000067
1433030400,NaN,0.000298,NaN
1433116800,NaN,0.000296,NaN
1433203200,0.000044,0.000294,-0.000250
1433289600,0.000080,0.000293,-0.000213
1433376000,0.000190,0.000291,-0.000101
1433462400,NaN,0.000289,NaN
1433548800,0.000200,0.000287,-0.000087
1433635200,0.000092,0.000286,-0.000194
1433721600,0.000233,0.000284,-0.000051
1433808000,0.000108,0.000282,-0.000174
1433894400,0.000134,0.000280,-0.000146
1433980800,NaN,0.000279,NaN
1434067200,NaN,0.000277,NaN
1434153600,NaN,0.000275,NaN
1434240000,0.000182,0.000273,-0.000091
1434326400,NaN,0.000272,NaN
1434412800,NaN,0.000271,NaN
1434499200,NaN,0.000270,NaN
1434585600,NaN,0.000269,NaN
1434672000,NaN,0.000269,NaN
1434758400,NaN,0.000268,NaN
1434844800,NaN,0.000267,NaN
1434931200,NaN,0.000266,NaN
1435017600,0.000118,0.000266,-0.000148
1435104000,0.000080,0.000265,-0.000185
1435190400,NaN,0.000264,NaN
1435276800,NaN,0.000263,NaN
1435363200,NaN,0.000263,NaN
1435449600,NaN,0.000262,NaN
1435536000,NaN,0.000261,NaN
1435622400,NaN,0.000260,NaN
1435708800,NaN,0.000260,NaN
1435795200,NaN,0.000259,NaN
1435881600,NaN,0.000258,NaN
1435968000,NaN,0.000257,NaN
1436054400,NaN,0.000257,NaN
1436140800,NaN,0.000256,NaN
1436227200,NaN,0.000255,NaN
1436313600,NaN,0.000254,NaN
1436400000,NaN,0.000254,NaN
1436486400,NaN,0.000253,NaN
1436572800,0.000412,0.000252,0.000160
1436659200,0.000256,0.000251,0.000005
1436745600,NaN,0.000251,NaN
1436832000,0.000180,0.000250,-0.000070
1436918400,0.000084,0.000249,-0.000165
1437004800,NaN,0.000247,NaN
1437091200,0.000187,0.000245,-0.000058
1437177600,NaN,0.000243,NaN
1437264000,NaN,0.000241,NaN
1437350400,NaN,0.000239,NaN
1437436800,0.000098,0.000237,-0.000139
1437523200,0.000230,0.000235,-0.000005
1437609600,NaN,0.000233,NaN
1437696000,NaN,0.000231,NaN
1437782400,NaN,0.000229,NaN
1437868800,NaN,0.000227,NaN
1437955200,0.000140,0.000225,-0.000085
1438041600,0.000244,0.000223,0.000021
1438128000,NaN,0.000221,NaN
1438214400,NaN,0.000219,NaN
1438300800,NaN,0.000217,NaN
1438387200,0.000198,0.000215,-0.000017
1438473600,0.000222,0.000213,0.000009
1438560000,NaN,0.000211,NaN
1438646400,NaN,0.000209,NaN
1438732800,0.000298,0.000207,0.000091
1438819200,NaN,0.000205,NaN
1438905600,0.000210,0.000203,0.000007
1438992000,NaN,0.000201,NaN
1439078400,NaN,0.000199,NaN
1439164800,NaN,0.000197,NaN
1439251200,0.000078,0.000195,-0.000117
1439337600,NaN,0.000193,NaN
1439424000,0.000296,0.000191,0.000105
1439510400,NaN,0.000189,NaN
1439596800,0.000286,0.000187,0.000099
1439683200,NaN,0.000191,NaN
1439769600,NaN,0.000195,NaN
1439856000,NaN,0.000199,NaN
1439942400,NaN,0.000203,NaN
1440028800,NaN,0.000206,NaN
1440115200,NaN,0.000210,NaN
1440201600,0.000090,0.000214,-0.000124
1440288000,0.000122,0.000218,-0.000096
1440374400,NaN,0.000222,NaN
1440460800,NaN,0.000226,NaN
1440547200,0.000214,0.000230,-0.000016
1440633600,0.000096,0.000234,-0.000138
1440720000,0.000175,0.000238,-0.000063
1440806400,NaN,0.000242,NaN
1440892800,0.000136,0.000246,-0.000110
1440979200,NaN,0.000250,NaN
1441065600,NaN,0.000254,NaN
1441152000,NaN,0.000258,NaN
1441238400,0.000160,0.000262,-0.000102
1441324800,NaN,0.000266,NaN
1441411200,NaN,0.000270,NaN
1441497600,NaN,0.000274,NaN
1441584000,NaN,0.000278,NaN
1441670400,NaN,0.000282,NaN
1441756800,NaN,0.000286,NaN
1441843200,NaN,0.000290,NaN
1441929600,NaN,0.000294,NaN
1442016000,NaN,0.000298,NaN
1442102400,0.000198,0.000302,-0.000104
1442188800,NaN,0.000306,NaN
1442275200,NaN,0.000310,NaN
1442361600,0.000314,0.000320,-0.000006
1442448000,0.000105,0.000330,-0.000225
1442534400,0.000076,0.000341,-0.000265
1442620800,0.000145,0.000351,-0.000206
1442707200,NaN,0.000362,NaN
1442793600,NaN,0.000372,NaN
1442880000,NaN,0.000382,NaN
1442966400,0.000174,0.000393,-0.000219
1443052800,NaN,0.000403,NaN
1443139200,NaN,0.000414,NaN
1443225600,NaN,0.000424,NaN
1443312000,NaN,0.000434,NaN
1443398400,NaN,0.000445,NaN
1443484800,NaN,0.000455,NaN
1443571200,0.000432,0.000466,-0.000034
1443657600,NaN,0.000476,NaN
1443744000,0.000502,0.000486,0.000016
1443830400,0.000272,0.000497,-0.000225
1443916800,0.000368,0.000507,-0.000139
1444003200,NaN,0.000518,NaN
1444089600,0.000398,0.000528,-0.000130
1444176000,0.000330,0.000538,-0.000208
1444262400,NaN,0.000549,NaN
1444348800,NaN,0.000559,NaN
1444435200,0.000332,0.000570,-0.000238
1444521600,0.000264,0.000580,-0.000316
1444608000,0.000322,0.000590,-0.000268
1444694400,NaN,0.000601,NaN
1444780800,0.000151,0.000611,-0.000461
1444867200,0.000228,0.000622,-0.000394
1444953600,0.000287,0.000642,-0.000355
1445040000,NaN,0.000662,NaN
1445126400,0.000318,0.000682,-0.000364
1445212800,NaN,0.000702,NaN
1445299200,NaN,0.000722,NaN
1445385600,NaN,0.000742,NaN
1445472000,NaN,0.000763,NaN
1445558400,NaN,0.000783,NaN
1445644800,NaN,0.000803,NaN
1445731200,NaN,0.000823,NaN
1445817600,NaN,0.000843,NaN
1445904000,NaN,0.000863,NaN
1445990400,NaN,0.000883,NaN
1446076800,0.001442,0.000903,0.000539
1446163200,NaN,0.000924,NaN
1446249600,NaN,0.000944,NaN
1446336000,NaN,0.000964,NaN
1446422400,NaN,0.000984,NaN
1446508800,0.001384,0.001004,0.000380
1446595200,0.001338,0.001024,0.000314
1446681600,NaN,0.001044,NaN
1446768000,NaN,0.001064,NaN
1446854400,NaN,0.001084,NaN
1446940800,NaN,0.001105,NaN
1447027200,NaN,0.001125,NaN
1447113600,0.001202,0.001145,0.000057
1447200000,0.001248,0.001165,0.000083
1447286400,NaN,0.001185,NaN
1447372800,0.002592,0.001205,0.001387
1447459200,0.003144,0.001225,0.001919
1447545600,NaN,0.001245,NaN
1447632000,NaN,0.001240,NaN
1447718400,NaN,0.001235,NaN
1447804800,0.002336,0.001230,0.001106
1447891200,0.002354,0.001225,0.001129
1447977600,0.002003,0.001220,0.000783
1448064000,NaN,0.001215,NaN
1448150400,0.002616,0.001210,0.001406
1448236800,0.001834,0.001205,0.000629
1448323200,0.001385,0.001200,0.000185
1448409600,0.001623,0.001195,0.000428
1448496000,NaN,0.001190,NaN
1448582400,NaN,0.001185,NaN
1448668800,NaN,0.001180,NaN
1448755200,0.001496,0.001175,0.000321
1448841600,NaN,0.001170,NaN
1448928000,NaN,0.001165,NaN
1449014400,NaN,0.001159,NaN
1449100800,NaN,0.001154,NaN
1449187200,0.001190,0.001149,0.000041
1449273600,0.001042,0.001144,-0.000102
1449360000,NaN,0.001139,NaN
1449446400,0.000816,0.001134,-0.000318
1449532800,NaN,0.001129,NaN
1449619200,0.000696,0.001124,-0.000428
1449705600,NaN,0.001119,NaN
1449792000,NaN,0.001114,NaN
1449878400,NaN,0.001109,NaN
1449964800,NaN,0.001104,NaN
1450051200,0.002544,0.001099,0.001445
1450137600,0.002290,0.001094,0.001196
1450224000,NaN,0.001087,NaN
1450310400,NaN,0.001080,NaN
1450396800,NaN,0.001073,NaN
1450483200,NaN,0.001066,NaN
1450569600,NaN,0.001059,NaN
1450656000,NaN,0.001053,NaN
1450742400,NaN,0.001046,NaN
1450828800,NaN,0.001039,NaN
1450915200,NaN,0.001032,NaN
1451001600,NaN,0.001025,NaN
1451088000,NaN,0.001018,NaN
1451174400,NaN,0.001012,NaN
1451260800,NaN,0.001005,NaN
1451347200,NaN,0.000998,NaN
1451433600,NaN,0.000991,NaN
1451520000,NaN,0.000984,NaN
1451606400,NaN,0.000977,NaN
1451692800,NaN,0.000970,NaN
1451779200,NaN,0.000964,NaN
1451865600,0.001193,0.000957,0.000236
1451952000,NaN,0.000950,NaN
1452038400,NaN,0.000943,NaN
1452124800,0.000490,0.000936,-0.000446
1452211200,NaN,0.000929,NaN
1452297600,0.000784,0.000923,-0.000139
1452384000,NaN,0.000916,NaN
1452470400,NaN,0.000909,NaN
1452556800,NaN,0.000902,NaN
1452643200,NaN,0.000895,NaN
1452729600,NaN,0.000888,NaN
1452816000,0.000444,0.000881,-0.000437
1452902400,NaN,0.000876,NaN
1452988800,0.001317,0.000870,0.000447
1453075200,0.000922,0.000865,0.000057
1453161600,NaN,0.000859,NaN
1453248000,NaN,0.000854,NaN
1453334400,0.000530,0.000848,-0.000318
1453420800,NaN,0.000843,NaN
1453507200,0.001096,0.000837,0.000259
1453593600,NaN,0.000831,NaN
1453680000,NaN,0.000826,NaN
1453766400,NaN,0.000820,NaN
1453852800,NaN,0.000815,NaN
1453939200,0.001265,0.000809,0.000456
1454025600,0.000876,0.000804,0.000072
1454112000,NaN,0.000798,NaN
1454198400,NaN,0.000792,NaN
1454284800,0.000570,0.000787,-0.000217
1454371200,NaN,0.000781,NaN
1454457600,NaN,0.000776,NaN
1454544000,0.001414,0.000770,0.000644
1454630400,0.000910,0.000765,0.000145
1454716800,0.000784,0.000759,0.000025
1454803200,0.000743,0.000754,-0.000011
1454889600,NaN,0.000748,NaN
1454976000,0.001082,0.000742,0.000340
1455062400,0.000502,0.000737,-0.000235
1455148800,0.000462,0.000731,-0.000269
1455235200,0.000354,0.000726,-0.000372
1455321600,NaN,0.000720,NaN
1455408000,NaN,0.000715,NaN
1455494400,0.000496,0.000709,-0.000213
1455580800,0.000600,0.000708,-0.000108
1455667200,0.000636,0.000707,-0.000071
1455753600,0.000344,0.000706,-0.000362
1455840000,0.000284,0.000705,-0.000421
1455926400,0.000312,0.000704,-0.000392
1456012800,NaN,0.000703,NaN
1456099200,NaN,0.000703,NaN
1456185600,NaN,0.000702,NaN
1456272000,0.003133,0.000701,0.002432
1456358400,NaN,0.000700,NaN
1456444800,0.001230,0.000699,0.000531
1456531200,0.000888,0.000698,0.000190
1456617600,0.000738,0.000697,0.000041
1456704000,NaN,0.000696,NaN
1456790400,0.000490,0.000695,-0.000205
1456876800,0.000490,0.000694,-0.000204
1456963200,NaN,0.000693,NaN
1457049600,0.000352,0.000692,-0.000340
1457136000,0.000228,0.000691,-0.000463
1457222400,NaN,0.000690,NaN
1457308800,0.000312,0.000690,-0.000378
1457395200,NaN,0.000689,NaN
1457481600,NaN,0.000688,NaN
1457568000,NaN,0.000687,NaN
1457654400,0.000323,0.000686,-0.000363
1457740800,0.000304,0.000685,-0.000381
1457827200,0.000250,0.000684,-0.000434
1457913600,NaN,0.000683,NaN
1458000000,0.000453,0.000677,-0.000224
1458086400,NaN,0.000671,NaN
1458172800,NaN,0.000665,NaN
1458259200,NaN,0.000659,NaN
1458345600,NaN,0.000653,NaN
1458432000,NaN,0.000647,NaN
1458518400,0.000198,0.000641,-0.000443
1458604800,0.000364,0.000635,-0.000271
1458691200,NaN,0.000629,NaN
1458777600,NaN,0.000623,NaN
1458864000,NaN,0.000616,NaN
1458950400,NaN,0.000610,NaN
1459036800,NaN,0.000604,NaN
1459123200,NaN,0.000598,NaN
1459209600,NaN,0.000592,NaN
1459296000,NaN,0.000586,NaN
1459382400,NaN,0.000580,NaN
1459468800,NaN,0.000574,NaN
1459555200,0.001458,0.000568,0.000890
1459641600,0.001094,0.000562,0.000532
1459728000,0.000770,0.000556,0.000214
1459814400,0.000518,0.000550,-0.000032
1459900800,0.000694,0.000544,0.000150
1459987200,0.000372,0.000538,-0.000166
1460073600,0.000327,0.000532,-0.000205
1460160000,NaN,0.000526,NaN
1460246400,NaN,0.000520,NaN
1460332800,NaN,0.000514,NaN
1460419200,NaN,0.000507,NaN
1460505600,NaN,0.000501,NaN
1460592000,NaN,0.000495,NaN
1460678400,NaN,0.000490,NaN
1460764800,NaN,0.000484,NaN
1460851200,NaN,0.000478,NaN
1460937600,NaN,0.000473,NaN
1461024000,NaN,0.000467,NaN
1461110400,NaN,0.000461,NaN
1461196800,NaN,0.000456,NaN
1461283200,0.000272,0.000450,-0.000178
1461369600,0.000646,0.000444,0.000202
1461456000,NaN,0.000439,NaN
1461542400,NaN,0.000433,NaN
1461628800,NaN,0.000427,NaN
1461715200,NaN,0.000422,NaN
1461801600,NaN,0.000416,NaN
1461888000,NaN,0.000411,NaN
1461974400,NaN,0.000405,NaN
1462060800,NaN,0.000399,NaN
1462147200,NaN,0.000394,NaN
1462233600,NaN,0.000388,NaN
1462320000,0.000613,0.000382,0.000231
1462406400,0.000526,0.000377,0.000149
1462492800,NaN,0.000371,NaN
1462579200,NaN,0.000365,NaN
1462665600,NaN,0.000360,NaN
1462752000,NaN,0.000354,NaN
1462838400,0.000624,0.000348,0.000276
1462924800,NaN,0.000343,NaN
1463011200,NaN,0.000337,NaN
1463097600,NaN,0.000331,NaN
1463184000,NaN,0.000326,NaN
1463270400,NaN,0.000324,NaN
1463356800,NaN,0.000322,NaN
1463443200,NaN,0.000320,NaN
1463529600,NaN,0.000319,NaN
1463616000,NaN,0.000317,NaN
1463702400,NaN,0.000315,NaN
1463788800,NaN,0.000313,NaN
1463875200,NaN,0.000312,NaN
1463961600,NaN,0.000310,NaN
1464048000,NaN,0.000308,NaN
1464134400,0.000130,0.000306,-0.000176
1464220800,NaN,0.000305,NaN
1464307200,NaN,0.000303,NaN
1464393600,NaN,0.000301,NaN
1464480000,NaN,0.000299,NaN
1464566400,NaN,0.000298,NaN
1464652800,NaN,0.000296,NaN
1464739200,NaN,0.000294,NaN
1464825600,NaN,0.000293,NaN
1464912000,NaN,0.000291,NaN
1464998400,NaN,0.000289,NaN
1465084800,0.000238,0.000287,-0.000049
1465171200,0.000213,0.000286,-0.000073
1465257600,NaN,0.000284,NaN
1465344000,NaN,0.000282,NaN
1465430400,NaN,0.000280,NaN
1465516800,0.000093,0.000279,-0.000186
1465603200,0.000200,0.000277,-0.000077
1465689600,NaN,0.000275,NaN
1465776000,NaN,0.000273,NaN
1465862400,NaN,0.000272,NaN
1465948800,NaN,0.000271,NaN
1466035200,NaN,0.000270,NaN
1466121600,0.000442,0.000269,0.000173
1466208000,NaN,0.000269,NaN
1466294400,0.000352,0.000268,0.000084
1466380800,0.001264,0.000267,0.000997
1466467200,NaN,0.000266,NaN
1466553600,0.000280,0.000266,0.000014
1466640000,NaN,0.000265,NaN
1466726400,NaN,0.000264,NaN
1466812800,0.000306,0.000263,0.000043
1466899200,0.000176,0.000263,-0.000087
1466985600,NaN,0.000262,NaN
1467072000,NaN,0.000261,NaN
1467158400,NaN,0.000260,NaN
1467244800,NaN,0.000260,NaN
1467331200,0.000118,0.000259,-0.000141
1467417600,NaN,0.000258,NaN
1467504000,0.000547,0.000257,0.000290
1467590400,NaN,0.000257,NaN
1467676800,0.000528,0.000256,0.000272
1467763200,NaN,0.000255,NaN
1467849600,0.000436,0.000254,0.000182
1467936000,0.000490,0.000254,0.000236
1468022400,NaN,0.000253,NaN
1468108800,NaN,0.000252,NaN
1468195200,NaN,0.000251,NaN
1468281600,0.000426,0.000251,0.000175
1468368000,0.000184,0.000250,-0.000066
1468454400,NaN,0.000249,NaN
1468540800,NaN,0.000247,NaN
1468627200,NaN,0.000245,NaN
1468713600,NaN,0.000243,NaN
1468800000,0.000304,0.000241,0.000063
1468886400,NaN,0.000239,NaN
1468972800,NaN,0.000237,NaN
1469059200,0.000230,0.000235,-0.000005
1469145600,0.000059,0.000233,-0.000174
1469232000,0.000106,0.000231,-0.000125
1469318400,NaN,0.000229,NaN
1469404800,NaN,0.000227,NaN
1469491200,NaN,0.000225,NaN
1469577600,NaN,0.000223,NaN
1469664000,0.000090,0.000221,-0.000131
1469750400,NaN,0.000219,NaN
1469836800,NaN,0.000217,NaN
1469923200,NaN,0.000215,NaN
1470009600,0.000108,0.000213,-0.000105
1470096000,0.000074,0.000211,-0.000137
1470182400,0.000119,0.000209,-0.000090
1470268800,0.000246,0.000207,0.000039
1470355200,NaN,0.000205,NaN
1470441600,0.000200,0.000203,-0.000003
1470528000,0.000096,0.000201,-0.000105
1470614400,NaN,0.000199,NaN
1470700800,NaN,0.000197,NaN
1470787200,NaN,0.000195,NaN
1470873600,NaN,0.000193,NaN
1470960000,NaN,0.000191,NaN
1471132800,NaN,0.000187,NaN
1471219200,NaN,0.000191,NaN
1471305600,NaN,0.000195,NaN
1471392000,NaN,0.000199,NaN
1471478400,NaN,0.000203,NaN
1471564800,NaN,0.000206,NaN
1471651200,0.000318,0.000210,0.000108
1471737600,NaN,0.000214,NaN
1471824000,NaN,0.000218,NaN
1471910400,0.000121,0.000222,-0.000101
1471996800,NaN,0.000226,NaN
1472083200,NaN,0.000230,NaN
1472169600,NaN,0.000234,NaN
1472256000,NaN,0.000238,NaN
1472342400,NaN,0.000242,NaN
1472428800,NaN,0.000246,NaN
1472515200,0.000279,0.000250,0.000029
1472601600,0.000326,0.000254,0.000072
1472688000,NaN,0.000258,NaN
1472774400,0.000420,0.000262,0.000158
1472860800,NaN,0.000266,NaN
1472947200,NaN,0.000270,NaN
1473033600,NaN,0.000274,NaN
1473120000,NaN,0.000278,NaN
1473206400,0.000216,0.000282,-0.000066
1473292800,NaN,0.000286,NaN
1473379200,NaN,0.000290,NaN
1473465600,NaN,0.000294,NaN
1473552000,0.000174,0.000298,-0.000124
1473638400,NaN,0.000302,NaN
1473724800,NaN,0.000306,NaN
1473811200,NaN,0.000310,NaN
1473897600,NaN,0.000320,NaN
1473984000,NaN,0.000330,NaN
1474070400,NaN,0.000341,NaN
1474156800,0.000198,0.000351,-0.000153
1474243200,NaN,0.000362,NaN
1474329600,0.000161,0.000372,-0.000211
1474416000,NaN,0.000382,NaN
1474502400,NaN,0.000393,NaN
1474588800,0.000254,0.000403,-0.000149
1474675200,NaN,0.000414,NaN
1474761600,NaN,0.000424,NaN
1474848000,NaN,0.000434,NaN
1474934400,NaN,0.000445,NaN
1475020800,NaN,0.000455,NaN
1475107200,0.000142,0.000466,-0.000324
1475193600,0.000130,0.000476,-0.000346
1475280000,NaN,0.000486,NaN
1475366400,NaN,0.000497,NaN
1475452800,NaN,0.000507,NaN
1475539200,NaN,0.000518,NaN
1475625600,NaN,0.000528,NaN
1475712000,NaN,0.000538,NaN
1475798400,NaN,0.000549,NaN
1475884800,NaN,0.000559,NaN
1475971200,0.001210,0.000570,0.000640
1476057600,0.000992,0.000580,0.000412
1476144000,NaN,0.000590,NaN
1476230400,0.000419,0.000601,-0.000182
1476316800,0.000748,0.000611,0.000137
1476403200,0.000528,0.000622,-0.000094
1476489600,0.000774,0.000642,0.000132
1476576000,0.000540,0.000662,-0.000122
1476662400,0.000420,0.000682,-0.000262
1476748800,NaN,0.000702,NaN
1476835200,NaN,0.000722,NaN
1476921600,NaN,0.000742,NaN
1477008000,0.002658,0.000763,0.001895
1477094400,0.001152,0.000783,0.000369
1477180800,NaN,0.000803,NaN
1477267200,NaN,0.000823,NaN
1477353600,NaN,0.000843,NaN
1477440000,0.000932,0.000863,0.000069
1477526400,NaN,0.000883,NaN
1477612800,NaN,0.000903,NaN
1477699200,0.001528,0.000924,0.000604
1477785600,0.001778,0.000944,0.000834
1477872000,NaN,0.000964,NaN
1477958400,NaN,0.000984,NaN
1478044800,NaN,0.001004,NaN
1478131200,0.001467,0.001024,0.000443
1478217600,0.001414,0.001044,0.000370
1478304000,NaN,0.001064,NaN
1478390400,NaN,0.001084,NaN
1478476800,NaN,0.001105,NaN
1478563200,NaN,0.001125,NaN
1478649600,NaN,0.001145,NaN
1478736000,NaN,0.001165,NaN
1478822400,NaN,0.001185,NaN
1478908800,NaN,0.001205,NaN
1478995200,NaN,0.001225,NaN
1479081600,0.000948,0.001245,-0.000297
1479168000,NaN,0.001240,NaN
1479254400,0.000438,0.001235,-0.000797
1479340800,NaN,0.001230,NaN
1479427200,NaN,0.001225,NaN
1479513600,0.003208,0.001220,0.001988
1479600000,0.001595,0.001215,0.000380
1479686400,NaN,0.001210,NaN
1479772800,NaN,0.001205,NaN
1479859200,NaN,0.001200,NaN
1479945600,NaN,0.001195,NaN
1480032000,0.001080,0.001190,-0.000110
1480118400,0.001032,0.001185,-0.000153
1480204800,NaN,0.001180,NaN
1480291200,NaN,0.001175,NaN
1480377600,NaN,0.001170,NaN
1480464000,NaN,0.001165,NaN
1480550400,NaN,0.001159,NaN
1480636800,NaN,0.001154,NaN
1480723200,NaN,0.001149,NaN
1480809600,NaN,0.001144,NaN
1480896000,NaN,0.001139,NaN
1480982400,0.001480,0.001134,0.000346
1481068800,NaN,0.001129,NaN
1481155200,NaN,0.001124,NaN
1481241600,0.005132,0.001119,0.004013
1481328000,NaN,0.001114,NaN
1481414400,0.001952,0.001109,0.000843
1481500800,0.001346,0.001104,0.000242
1481587200,NaN,0.001099,NaN
1481673600,NaN,0.001094,NaN
1481760000,NaN,0.001087,NaN
1481846400,NaN,0.001080,NaN
1481932800,NaN,0.001074,NaN
1482019200,NaN,0.001067,NaN
1482105600,NaN,0.001061,NaN
1482192000,NaN,0.001054,NaN
1482278400,NaN,0.001047,NaN
1482364800,NaN,0.001041,NaN
1482451200,NaN,0.001034,NaN
1482537600,0.000470,0.001027,-0.000557
1482624000,0.000498,0.001021,-0.000523
1482796800,NaN,0.001007,NaN
1482883200,0.000392,0.001001,-0.000609
1482969600,NaN,0.000994,NaN
1483056000,NaN,0.000988,NaN
1483142400,NaN,0.000981,NaN
1483228800,NaN,0.000974,NaN
1483315200,NaN,0.000968,NaN
1483401600,NaN,0.000961,NaN
1483488000,NaN,0.000954,NaN
1483574400,NaN,0.000948,NaN
1483660800,NaN,0.000941,NaN
1483747200,NaN,0.000935,NaN
1483833600,NaN,0.000928,NaN
1483920000,NaN,0.000921,NaN
1484006400,NaN,0.000915,NaN
1484092800,0.000970,0.000908,0.000062
1484179200,0.000420,0.000901,-0.000481
1484265600,0.000320,0.000895,-0.000575
1484352000,NaN,0.000888,NaN
1484438400,NaN,0.000881,NaN
1484524800,NaN,0.000876,NaN
1484611200,NaN,0.000870,NaN
1484697600,NaN,0.000865,NaN
1484784000,NaN,0.000859,NaN
1484870400,NaN,0.000854,NaN
1484956800,NaN,0.000848,NaN
1485043200,0.000542,0.000843,-0.000301
1485129600,0.001304,0.000837,0.000467
1485216000,0.000678,0.000831,-0.000153
1485302400,NaN,0.000826,NaN
1485388800,0.001392,0.000820,0.000572
1485475200,NaN,0.000815,NaN
1485561600,NaN,0.000809,NaN
1485648000,0.000936,0.000804,0.000132
1485734400,0.000840,0.000798,0.000042
1485820800,0.000502,0.000792,-0.000290
1485907200,0.000376,0.000787,-0.000411
1485993600,NaN,0.000781,NaN
1486080000,NaN,0.000776,NaN
1486166400,NaN,0.000770,NaN
1486252800,NaN,0.000765,NaN
1486339200,NaN,0.000759,NaN
1486425600,NaN,0.000754,NaN
1486512000,NaN,0.000748,NaN
1486598400,NaN,0.000742,NaN
1486684800,NaN,0.000737,NaN
1486771200,0.000378,0.000731,-0.000353
1486857600,0.000282,0.000726,-0.000444
1486944000,NaN,0.000720,NaN
1487030400,NaN,0.000715,NaN
1487116800,NaN,0.000709,NaN
1487203200,0.001054,0.000708,0.000346
1487289600,NaN,0.000707,NaN
1487376000,0.000792,0.000706,0.000086
1487462400,NaN,0.000705,NaN
1487548800,NaN,0.000704,NaN
1487635200,0.000602,0.000703,-0.000101
1487721600,0.000437,0.000703,-0.000266
1487808000,0.000372,0.000702,-0.000330
1487894400,0.000416,0.000701,-0.000285
1487980800,0.001304,0.000700,0.000604
1488067200,0.000693,0.000699,-0.000006
1488153600,NaN,0.000698,NaN
1488240000,NaN,0.000697,NaN
1488326400,0.000432,0.000696,-0.000264
1488412800,NaN,0.000695,NaN
1488499200,NaN,0.000694,NaN
1488585600,NaN,0.000693,NaN
1488672000,NaN,0.000692,NaN
1488758400,NaN,0.000691,NaN
1488844800,NaN,0.000690,NaN
1488931200,NaN,0.000690,NaN
1489017600,0.000480,0.000689,-0.000209
1489104000,NaN,0.000688,NaN
1489190400,NaN,0.000687,NaN
1489276800,NaN,0.000686,NaN
1489363200,NaN,0.000685,NaN
1489449600,0.000747,0.000684,0.000063
1489536000,NaN,0.000683,NaN
1489622400,NaN,0.000677,NaN
1489708800,NaN,0.000671,NaN
1489795200,0.000526,0.000665,-0.000139
1489881600,0.000274,0.000659,-0.000385
1489968000,0.000326,0.000653,-0.000327
1490054400,0.000328,0.000647,-0.000319
1490140800,0.000356,0.000641,-0.000285
1490227200,0.000356,0.000635,-0.000279
1490313600,NaN,0.000629,NaN
1490400000,NaN,0.000623,NaN
1490486400,0.000238,0.000616,-0.000378
1490572800,0.000398,0.000610,-0.000212
1490659200,NaN,0.000604,NaN
1490745600,NaN,0.000598,NaN
1490832000,0.000096,0.000592,-0.000496
1490918400,0.000246,0.000586,-0.000340
1491004800,NaN,0.000580,NaN
1491091200,NaN,0.000574,NaN
1491177600,0.000220,0.000568,-0.000348
1491264000,NaN,0.000562,NaN
1491350400,NaN,0.000556,NaN
1491436800,0.000328,0.000550,-0.000222
1491523200,NaN,0.000544,NaN
1491609600,NaN,0.000538,NaN
1491696000,0.000326,0.000532,-0.000206
1491782400,NaN,0.000526,NaN
1491868800,NaN,0.000520,NaN
1491955200,NaN,0.000514,NaN
1492041600,NaN,0.000507,NaN
1492128000,0.000252,0.000501,-0.000249
1492214400,0.000176,0.000495,-0.000319
1492300800,NaN,0.000490,NaN
1492387200,NaN,0.000484,NaN
1492473600,NaN,0.000478,NaN
1492560000,NaN,0.000473,NaN
1492646400,0.000268,0.000467,-0.000199
1492732800,0.000180,0.000461,-0.000281
1492819200,0.000232,0.000456,-0.000224
1492905600,NaN,0.000450,NaN
1492992000,0.000171,0.000444,-0.000273
1493078400,0.000383,0.000439,-0.000056
1493164800,NaN,0.000433,NaN
1493251200,0.000238,0.000427,-0.000189
1493337600,NaN,0.000422,NaN
1493424000,NaN,0.000416,NaN
1493510400,NaN,0.000411,NaN
1493596800,0.000212,0.000405,-0.000193
1493683200,0.000336,0.000399,-0.000063
1493769600,NaN,0.000394,NaN
1493856000,NaN,0.000388,NaN
1493942400,NaN,0.000382,NaN
1494028800,0.000490,0.000377,0.000113
1494115200,0.000534,0.000371,0.000163
1494201600,0.000526,0.000365,0.000161
1494288000,NaN,0.000360,NaN
1494374400,NaN,0.000354,NaN
1494460800,NaN,0.000348,NaN
1494547200,0.000226,0.000343,-0.000117
1494633600,NaN,0.000337,NaN
1494720000,NaN,0.000331,NaN
1494806400,NaN,0.000326,NaN
1494892800,0.000304,0.000324,-0.000020
1494979200,NaN,0.000322,NaN
1495065600,NaN,0.000320,NaN
1495152000,NaN,0.000319,NaN
1495238400,NaN,0.000317,NaN
1495324800,NaN,0.000315,NaN
1495411200,NaN,0.000313,NaN
1495497600,NaN,0.000312,NaN
1495584000,0.000318,0.000310,0.000008
1495670400,NaN,0.000308,NaN
1495756800,NaN,0.000306,NaN
1495843200,0.000346,0.000305,0.000041
1495929600,NaN,0.000303,NaN
1496016000,NaN,0.000301,NaN
1496102400,NaN,0.000299,NaN
1496188800,NaN,0.000298,NaN
1496275200,NaN,0.000296,NaN
1496361600,0.000088,0.000294,-0.000206
1496448000,NaN,0.000293,NaN
1496534400,NaN,0.000291,NaN
1496620800,NaN,0.000289,NaN
1496707200,NaN,0.000287,NaN
1496793600,0.000088,0.000286,-0.000198
1496880000,0.000143,0.000284,-0.000141
1496966400,0.000195,0.000282,-0.000087
1497052800,NaN,0.000280,NaN
1497139200,NaN,0.000279,NaN
1497225600,NaN,0.000277,NaN
1497312000,NaN,0.000275,NaN
1497398400,0.000194,0.000273,-0.000079
1497484800,0.000149,0.000272,-0.000123
1497571200,NaN,0.000271,NaN
1497657600,NaN,0.000270,NaN
1497744000,NaN,0.000269,NaN
1497830400,NaN,0.000269,NaN
1497916800,NaN,0.000268,NaN
1498003200,NaN,0.000267,NaN
1498089600,NaN,0.000266,NaN
1498176000,0.000494,0.000266,0.000228
1498262400,NaN,0.000265,NaN
1498348800,0.000816,0.000264,0.000552
1498435200,NaN,0.000263,NaN
1498521600,NaN,0.000263,NaN
1498608000,NaN,0.000262,NaN
1498694400,NaN,0.000261,NaN
1498780800,NaN,0.000260,NaN
1498867200,NaN,0.000260,NaN
1498953600,NaN,0.000259,NaN
1499040000,NaN,0.000258,NaN
1499126400,0.000124,0.000257,-0.000133
1499212800,0.000189,0.000257,-0.000068
1499299200,NaN,0.000256,NaN
1499385600,NaN,0.000255,NaN
1499472000,NaN,0.000254,NaN
1499558400,NaN,0.000254,NaN
1499644800,NaN,0.000253,NaN
1499731200,0.000430,0.000252,0.000178
1499817600,NaN,0.000251,NaN
1499904000,NaN,0.000251,NaN
1499990400,NaN,0.000250,NaN
1500076800,NaN,0.000249,NaN
1500163200,NaN,0.000247,NaN
1500249600,NaN,0.000245,NaN
1500336000,NaN,0.000243,NaN
1500422400,0.000848,0.000241,0.000607
1500508800,NaN,0.000239,NaN
1500595200,NaN,0.000237,NaN
1500681600,NaN,0.000235,NaN
1500768000,NaN,0.000233,NaN
1500854400,NaN,0.000231,NaN
1500940800,NaN,0.000229,NaN
1501027200,0.000198,0.000227,-0.000029
1501113600,0.000382,0.000225,0.000157
1501200000,NaN,0.000223,NaN
1501286400,NaN,0.000221,NaN
1501372800,NaN,0.000219,NaN
1501459200,0.000082,0.000217,-0.000135
1501545600,NaN,0.000215,NaN
1501632000,NaN,0.000213,NaN
1501718400,NaN,0.000211,NaN
1501804800,NaN,0.000209,NaN
1501891200,NaN,0.000207,NaN
1501977600,NaN,0.000205,NaN
1502064000,NaN,0.000203,NaN
1502150400,NaN,0.000201,NaN
1502236800,NaN,0.000199,NaN
1502323200,NaN,0.000197,NaN
1502409600,NaN,0.000195,NaN
1502496000,NaN,0.000193,NaN
1502582400,NaN,0.000191,NaN
1502668800,NaN,0.000189,NaN
1502755200,NaN,0.000187,NaN
1502841600,NaN,0.000191,NaN
1502928000,0.000196,0.000195,0.000001
1503014400,0.000165,0.000199,-0.000034
1503100800,NaN,0.000203,NaN
1503187200,0.000178,0.000206,-0.000028
1503273600,NaN,0.000210,NaN
1503360000,NaN,0.000214,NaN
1503446400,NaN,0.000218,NaN
1503532800,NaN,0.000222,NaN
1503619200,NaN,0.000226,NaN
1503705600,NaN,0.000230,NaN
1503878400,NaN,0.000238,NaN
1503964800,NaN,0.000242,NaN
1504051200,NaN,0.000246,NaN
1504137600,0.000290,0.000250,0.000040
1504224000,NaN,0.000254,NaN
1504310400,0.000229,0.000258,-0.000029
1504396800,NaN,0.000262,NaN
1504483200,NaN,0.000266,NaN
1504569600,NaN,0.000270,NaN
1504656000,NaN,0.000274,NaN
1504742400,NaN,0.000278,NaN
1504828800,NaN,0.000282,NaN
1504915200,NaN,0.000286,NaN
1505001600,NaN,0.000290,NaN
1505088000,0.000860,0.000294,0.000566
1505174400,0.001150,0.000298,0.000852
1505260800,0.000835,0.000302,0.000533
1505347200,0.000836,0.000306,0.000530
1505433600,0.000668,0.000310,0.000358
1505520000,0.000205,0.000320,-0.000115
1505606400,0.000204,0.000330,-0.000126
1505692800,0.000164,0.000341,-0.000177
1505779200,0.000376,0.000351,0.000025
1505865600,NaN,0.000362,NaN
1505952000,0.000424,0.000372,0.000052
1506038400,0.000176,0.000382,-0.000206
1506124800,0.000182,0.000393,-0.000211
1506211200,0.000212,0.000403,-0.000191
1506297600,NaN,0.000414,NaN
1506384000,NaN,0.000424,NaN
1506470400,NaN,0.000434,NaN
1506556800,NaN,0.000445,NaN
1506729600,0.000386,0.000466,-0.000080
1506816000,NaN,0.000476,NaN
1506902400,NaN,0.000486,NaN
1506988800,NaN,0.000497,NaN
1507075200,NaN,0.000507,NaN
1507161600,0.000434,0.000518,-0.000084
1507248000,NaN,0.000528,NaN
1507334400,NaN,0.000538,NaN
1507420800,0.000750,0.000549,0.000201
1507507200,NaN,0.000559,NaN
1507593600,NaN,0.000570,NaN
1507680000,NaN,0.000580,NaN
1507766400,NaN,0.000590,NaN
1507852800,0.000194,0.000601,-0.000407
1507939200,0.000128,0.000611,-0.000483
1508025600,NaN,0.000622,NaN
1508112000,0.000638,0.000642,-0.000004
1508198400,0.000746,0.000662,0.000084
1508284800,0.000843,0.000682,0.000161
1508371200,0.000722,0.000702,0.000020
1508457600,NaN,0.000722,NaN
1508544000,0.000798,0.000742,0.000056
1508630400,NaN,0.000763,NaN
1508716800,0.001388,0.000783,0.000605
1508803200,0.001825,0.000803,0.001022
1508889600,0.001208,0.000823,0.000385
1508976000,NaN,0.000843,NaN
1509062400,0.000744,0.000863,-0.000119
1509148800,0.001399,0.000883,0.000516
1509235200,0.000706,0.000903,-0.000197
1509321600,0.000596,0.000924,-0.000328
1509408000,NaN,0.000944,NaN
1509494400,NaN,0.000964,NaN
1509580800,0.000968,0.000984,-0.000016
1509667200,0.000648,0.001004,-0.000356
1509753600,NaN,0.001024,NaN
1509840000,0.000809,0.001044,-0.000235
1509926400,0.000592,0.001064,-0.000472
1510012800,NaN,0.001084,NaN
1510099200,NaN,0.001105,NaN
1510185600,NaN,0.001125,NaN
1510272000,NaN,0.001145,NaN
1510358400,NaN,0.001165,NaN
1510444800,0.000671,0.001185,-0.000514
1510531200,NaN,0.001205,NaN
1510617600,0.001092,0.001225,-0.000133
1510704000,0.000826,0.001245,-0.000419
1510790400,NaN,0.001240,NaN
1510876800,0.000712,0.001235,-0.000523
1510963200,NaN,0.001230,NaN
1511049600,0.002751,0.001225,0.001526
1511136000,NaN,0.001220,NaN
1511222400,NaN,0.001215,NaN
1511308800,NaN,0.001210,NaN
1511395200,0.001524,0.001205,0.000319
1511481600,0.000886,0.001200,-0.000314
1511568000,0.000712,0.001195,-0.000483
1511654400,0.000962,0.001190,-0.000228
1511740800,0.000944,0.001185,-0.000241
1511827200,0.000878,0.001180,-0.000302
1511913600,NaN,0.001175,NaN
1512000000,0.000668,0.001170,-0.000502
1512086400,0.000571,0.001165,-0.000594
1512172800,0.000692,0.001159,-0.000467
1512259200,0.000744,0.001154,-0.000410
1512345600,0.000986,0.001149,-0.000163
1512432000,NaN,0.001144,NaN
1512518400,NaN,0.001139,NaN
1512604800,NaN,0.001134,NaN
1512691200,NaN,0.001129,NaN
1512777600,0.001244,0.001124,0.000120
1512864000,0.000981,0.001119,-0.000138
1512950400,0.001045,0.001114,-0.000069
1513036800,0.001298,0.001109,0.000189
1513123200,NaN,0.001104,NaN
1513209600,NaN,0.001099,NaN
1513296000,NaN,0.001094,NaN
1513382400,NaN,0.001087,NaN
1513468800,NaN,0.001080,NaN
1513555200,NaN,0.001073,NaN
1513641600,0.000260,0.001066,-0.000806
1513728000,0.000200,0.001059,-0.000859
1513814400,NaN,0.001053,NaN
1513900800,NaN,0.001046,NaN
1513987200,NaN,0.001039,NaN
1514073600,NaN,0.001032,NaN
1514160000,NaN,0.001025,NaN
1514246400,NaN,0.001018,NaN
1514332800,NaN,0.001012,NaN
1514419200,NaN,0.001005,NaN
1514505600,NaN,0.000998,NaN
1514592000,NaN,0.000991,NaN
1514678400,NaN,0.000984,NaN
1514764800,NaN,0.000977,NaN
1514851200,NaN,0.000970,NaN
1514937600,0.001490,0.000964,0.000526
1515024000,0.001434,0.000957,0.000477
1515110400,NaN,0.000950,NaN
1515196800,0.000386,0.000943,-0.000557
1515283200,NaN,0.000936,NaN
1515369600,NaN,0.000929,NaN
1515456000,NaN,0.000923,NaN
1515542400,NaN,0.000916,NaN
1515628800,NaN,0.000909,NaN
1515715200,0.004482,0.000902,0.003580
1515801600,0.001560,0.000895,0.000665
1515888000,0.000856,0.000888,-0.000032
1515974400,NaN,0.000881,NaN
1516060800,NaN,0.000876,NaN
1516147200,NaN,0.000870,NaN
1516233600,NaN,0.000865,NaN
1516320000,NaN,0.000859,NaN
1516406400,0.000500,0.000854,-0.000354
1516492800,NaN,0.000848,NaN
1516579200,NaN,0.000843,NaN
1516665600,NaN,0.000837,NaN
1516752000,NaN,0.000831,NaN
1516838400,0.000326,0.000826,-0.000500
1516924800,NaN,0.000820,NaN
1517011200,NaN,0.000815,NaN
1517097600,NaN,0.000809,NaN
1517184000,0.000316,0.000804,-0.000488
1517270400,0.000304,0.000798,-0.000494
1517356800,NaN,0.000792,NaN
1517443200,NaN,0.000787,NaN
1517529600,NaN,0.000781,NaN
1517616000,NaN,0.000776,NaN
1517702400,NaN,0.000770,NaN
1517788800,NaN,0.000765,NaN
1517875200,NaN,0.000759,NaN
1517961600,NaN,0.000754,NaN
1518048000,NaN,0.000748,NaN
1518134400,NaN,0.000742,NaN
1518220800,NaN,0.000737,NaN
1518307200,NaN,0.000731,NaN
1518393600,NaN,0.000726,NaN
1518480000,NaN,0.000720,NaN
1518566400,NaN,0.000715,NaN
1518652800,0.000358,0.000709,-0.000351
1518739200,0.000275,0.000708,-0.000433
1518825600,NaN,0.000707,NaN
1518912000,NaN,0.000706,NaN
1518998400,NaN,0.000705,NaN
1519084800,NaN,0.000704,NaN
1519171200,NaN,0.000703,NaN
1519257600,NaN,0.000703,NaN
1519344000,0.000429,0.000702,-0.000273
1519430400,NaN,0.000701,NaN
1519516800,NaN,0.000700,NaN
1519603200,NaN,0.000699,NaN
1519689600,NaN,0.000698,NaN
1519776000,NaN,0.000697,NaN
1519862400,NaN,0.000696,NaN
1519948800,NaN,0.000695,NaN
1520035200,0.000338,0.000694,-0.000356
1520121600,NaN,0.000693,NaN
1520208000,NaN,0.000692,NaN
1520294400,NaN,0.000691,NaN
1520380800,0.000785,0.000690,0.000095
1520467200,NaN,0.000690,NaN
1520553600,NaN,0.000689,NaN
1520640000,NaN,0.000688,NaN
1520726400,NaN,0.000687,NaN
1520812800,NaN,0.000686,NaN
1520899200,NaN,0.000685,NaN
1520985600,0.000633,0.000684,-0.000051
1521072000,NaN,0.000683,NaN
1521158400,NaN,0.000677,NaN
1521244800,0.000748,0.000671,0.000077
1521331200,NaN,0.000665,NaN
1521417600,0.000460,0.000659,-0.000199
1521504000,NaN,0.000653,NaN
1521590400,NaN,0.000647,NaN
1521676800,0.000522,0.000641,-0.000119
1521763200,0.000525,0.000635,-0.000110
1521849600,0.000506,0.000629,-0.000123
1521936000,NaN,0.000623,NaN
1522022400,NaN,0.000616,NaN
1522108800,NaN,0.000610,NaN
1522195200,NaN,0.000604,NaN
1522281600,NaN,0.000598,NaN
1522368000,NaN,0.000592,NaN
1522454400,NaN,0.000586,NaN
1522540800,NaN,0.000580,NaN
1522627200,NaN,0.000574,NaN
1522713600,0.000240,0.000568,-0.000328
1522800000,NaN,0.000562,NaN
1522886400,NaN,0.000556,NaN
1522972800,NaN,0.000550,NaN
1523059200,NaN,0.000544,NaN
1523145600,NaN,0.000538,NaN
1523232000,NaN,0.000532,NaN
1523318400,NaN,0.000526,NaN
1523404800,0.000765,0.000520,0.000245
1523491200,0.000534,0.000514,0.000020
1523577600,NaN,0.000507,NaN
1523664000,NaN,0.000501,NaN
1523750400,NaN,0.000495,NaN
1523836800,NaN,0.000490,NaN
1523923200,0.000892,0.000484,0.000408
1524009600,0.000659,0.000478,0.000181
1524096000,0.000750,0.000473,0.000277
1524182400,NaN,0.000467,NaN
1524268800,NaN,0.000461,NaN
1524355200,NaN,0.000456,NaN
1524441600,0.000550,0.000450,0.000100
1524528000,NaN,0.000444,NaN
1524614400,0.000360,0.000439,-0.000079
1524700800,NaN,0.000433,NaN
1524787200,NaN,0.000427,NaN
1524873600,0.000052,0.000422,-0.000370
1524960000,0.000398,0.000416,-0.000018
1525046400,NaN,0.000411,NaN
1525132800,NaN,0.000405,NaN
1525219200,NaN,0.000399,NaN
1525305600,NaN,0.000394,NaN
1525392000,NaN,0.000388,NaN
1525478400,NaN,0.000382,NaN
1525564800,0.000256,0.000377,-0.000121
1525651200,NaN,0.000371,NaN
1525737600,0.000270,0.000365,-0.000095
1525824000,0.000288,0.000360,-0.000072
1525910400,0.000249,0.000354,-0.000105
1525996800,NaN,0.000348,NaN
1526083200,NaN,0.000343,NaN
1526169600,NaN,0.000337,NaN
1526256000,NaN,0.000331,NaN
1526342400,0.000234,0.000326,-0.000092
1526428800,0.000334,0.000324,0.000010
1526515200,0.000533,0.000322,0.000211
1526601600,NaN,0.000320,NaN
1526688000,NaN,0.000319,NaN
1526774400,0.000162,0.000317,-0.000155
1526860800,NaN,0.000315,NaN
1526947200,0.000388,0.000313,0.000075
1527033600,NaN,0.000312,NaN
1527120000,NaN,0.000310,NaN
1527206400,NaN,0.000308,NaN
1527292800,0.000216,0.000306,-0.000091
1527379200,0.000373,0.000305,0.000068
1527465600,NaN,0.000303,NaN
1527552000,NaN,0.000301,NaN
1527638400,0.000345,0.000299,0.000046
1527724800,NaN,0.000298,NaN
1527811200,NaN,0.000296,NaN
1527897600,NaN,0.000294,NaN
1527984000,NaN,0.000293,NaN
1528070400,NaN,0.000291,NaN
1528156800,NaN,0.000289,NaN
1528243200,0.000277,0.000287,-0.000010
1528329600,0.000356,0.000286,0.000070
1528416000,NaN,0.000284,NaN
1528502400,NaN,0.000282,NaN
1528588800,NaN,0.000280,NaN
1528675200,NaN,0.000279,NaN
1528761600,0.000254,0.000277,-0.000023
1528848000,NaN,0.000275,NaN
1528934400,NaN,0.000273,NaN
1529020800,0.000162,0.000272,-0.000110
1529107200,0.000256,0.000271,-0.000015
1529193600,NaN,0.000270,NaN
1529280000,NaN,0.000269,NaN
1529366400,NaN,0.000269,NaN
1529452800,NaN,0.000268,NaN
1529539200,NaN,0.000267,NaN
1529625600,0.000247,0.000266,-0.000019
1529712000,0.000417,0.000266,0.000151
1529798400,NaN,0.000265,NaN
1529884800,NaN,0.000264,NaN
1529971200,0.000221,0.000263,-0.000042
1530057600,0.000054,0.000263,-0.000209
1530144000,0.000270,0.000262,0.000008
1530230400,NaN,0.000261,NaN
1530316800,NaN,0.000260,NaN
1530403200,NaN,0.000260,NaN
1530489600,0.000076,0.000259,-0.000183
1530576000,NaN,0.000258,NaN
1530662400,NaN,0.000257,NaN
1530748800,NaN,0.000257,NaN
1530835200,NaN,0.000256,NaN
1530921600,0.000093,0.000255,-0.000162
1531008000,NaN,0.000254,NaN
1531094400,NaN,0.000254,NaN
1531180800,NaN,0.000253,NaN
1531267200,NaN,0.000252,NaN
1531353600,0.000298,0.000251,0.000047
1531440000,0.000242,0.000251,-0.000009
1531526400,0.000226,0.000250,-0.000024
1531612800,NaN,0.000249,NaN
1531699200,NaN,0.000247,NaN
1531785600,NaN,0.000245,NaN
1531872000,NaN,0.000243,NaN
1531958400,NaN,0.000241,NaN
1532044800,NaN,0.000239,NaN
1532131200,NaN,0.000237,NaN
1532217600,NaN,0.000235,NaN
1532304000,NaN,0.000233,NaN
1532390400,NaN,0.000231,NaN
1532476800,0.000278,0.000229,0.000049
1532563200,NaN,0.000227,NaN
1532649600,NaN,0.000225,NaN
1532736000,0.000040,0.000223,-0.000183
1532822400,0.000022,0.000221,-0.000199
1532908800,0.000361,0.000219,0.000142
1532995200,NaN,0.000217,NaN
1533081600,NaN,0.000215,NaN
1533168000,0.000036,0.000213,-0.000177
1533254400,NaN,0.000211,NaN
1533340800,NaN,0.000209,NaN
1533427200,NaN,0.000207,NaN
1533513600,NaN,0.000205,NaN
1533600000,NaN,0.000203,NaN
1533686400,0.000075,0.000201,-0.000126
1533772800,NaN,0.000199,NaN
1533859200,0.000242,0.000197,0.000045
1533945600,NaN,0.000195,NaN
1534032000,NaN,0.000193,NaN
1534118400,NaN,0.000191,NaN
1534204800,0.000117,0.000189,-0.000072
1534291200,0.000136,0.000187,-0.000051
1534377600,NaN,0.000191,NaN
1534464000,NaN,0.000195,NaN
1534550400,NaN,0.000199,NaN
1534636800,0.000296,0.000203,0.000093
1534723200,0.000200,0.000206,-0.000006
1534809600,0.000262,0.000210,0.000052
1534896000,NaN,0.000214,NaN
1534982400,NaN,0.000218,NaN
1535068800,NaN,0.000222,NaN
1535155200,0.000242,0.000226,0.000016
1535241600,0.000338,0.000230,0.000108
1535328000,NaN,0.000234,NaN
1535414400,NaN,0.000238,NaN
1535500800,NaN,0.000242,NaN
1535587200,0.000038,0.000246,-0.000208
1535673600,0.000170,0.000250,-0.000080
1535760000,0.000332,0.000254,0.000078
1535846400,NaN,0.000258,NaN
1535932800,NaN,0.000262,NaN
1536019200,NaN,0.000266,NaN
1536105600,NaN,0.000270,NaN
1536192000,NaN,0.000274,NaN
1536278400,NaN,0.000278,NaN
1536364800,0.000532,0.000282,0.000250
1536451200,NaN,0.000286,NaN
1536537600,NaN,0.000290,NaN
1536624000,NaN,0.000294,NaN
1536710400,NaN,0.000298,NaN
1536796800,NaN,0.000302,NaN
1536883200,NaN,0.000306,NaN
1536969600,0.000162,0.000310,-0.000148
1537056000,0.000157,0.000320,-0.000163
1537142400,0.000420,0.000330,0.000090
1537228800,0.000360,0.000341,0.000019
1537315200,0.000146,0.000351,-0.000205
1537401600,0.000140,0.000362,-0.000222
1537488000,NaN,0.000372,NaN
1537574400,NaN,0.000382,NaN
1537660800,NaN,0.000393,NaN
1537747200,0.000222,0.000403,-0.000181
1537833600,NaN,0.000414,NaN
1537920000,NaN,0.000424,NaN
1538006400,NaN,0.000434,NaN
1538092800,NaN,0.000445,NaN
1538179200,NaN,0.000455,NaN
1538265600,NaN,0.000466,NaN
1538352000,NaN,0.000476,NaN
1538438400,0.000222,0.000486,-0.000264
1538524800,0.000192,0.000497,-0.000305
1538611200,0.000180,0.000507,-0.000327
1538697600,0.000088,0.000518,-0.000430
1538784000,NaN,0.000528,NaN
1538870400,0.000330,0.000538,-0.000208
1538956800,0.000572,0.000549,0.000023
1539043200,0.000966,0.000559,0.000407
1539129600,NaN,0.000570,NaN
1539216000,0.000496,0.000580,-0.000084
1539302400,0.000164,0.000590,-0.000426
1539388800,0.000248,0.000601,-0.000353
1539475200,0.000626,0.000611,0.000015
1539561600,NaN,0.000622,NaN
1539648000,NaN,0.000642,NaN
1539734400,NaN,0.000662,NaN
1539820800,NaN,0.000682,NaN
1539907200,0.000968,0.000702,0.000266
1539993600,NaN,0.000722,NaN
1540080000,NaN,0.000742,NaN
1540166400,NaN,0.000763,NaN
1540252800,NaN,0.000783,NaN
1540339200,NaN,0.000803,NaN
1540425600,NaN,0.000823,NaN
1540512000,0.001304,0.000843,0.000461
1540598400,0.000902,0.000863,0.000039
1540684800,NaN,0.000883,NaN
1540771200,0.000812,0.000903,-0.000091
1540857600,0.000770,0.000924,-0.000154
1540944000,NaN,0.000944,NaN
1541030400,NaN,0.000964,NaN
1541116800,0.001335,0.000984,0.000351
1541203200,NaN,0.001004,NaN
1541289600,NaN,0.001024,NaN
1541376000,0.001036,0.001044,-0.000008
1541462400,NaN,0.001064,NaN
1541548800,NaN,0.001084,NaN
1541635200,NaN,0.001105,NaN
1541721600,NaN,0.001125,NaN
1541808000,NaN,0.001145,NaN
1541894400,NaN,0.001165,NaN
1541980800,NaN,0.001185,NaN
1542067200,NaN,0.001205,NaN
1542153600,NaN,0.001225,NaN
1542240000,0.001136,0.001245,-0.000109
1542326400,0.000973,0.001240,-0.000267
1542412800,NaN,0.001235,NaN
1542499200,NaN,0.001230,NaN
1542585600,NaN,0.001225,NaN
1542672000,NaN,0.001220,NaN
1542758400,NaN,0.001215,NaN
1542844800,NaN,0.001210,NaN
1542931200,NaN,0.001205,NaN
1543017600,NaN,0.001200,NaN
1543104000,NaN,0.001195,NaN
1543190400,0.002778,0.001190,0.001588
1543276800,0.001202,0.001185,0.000017
1543363200,NaN,0.001180,NaN
1543449600,NaN,0.001175,NaN
1543536000,0.001047,0.001170,-0.000123
1543622400,0.000838,0.001165,-0.000327
1543708800,0.000730,0.001159,-0.000429
1543795200,0.002197,0.001154,0.001043
1543881600,0.002109,0.001149,0.000960
1543968000,0.001162,0.001144,0.000018
1544054400,NaN,0.001139,NaN
1544140800,NaN,0.001134,NaN
1544227200,NaN,0.001129,NaN
1544313600,NaN,0.001124,NaN
1544400000,0.001054,0.001119,-0.000065
1544486400,NaN,0.001114,NaN
1544572800,NaN,0.001109,NaN
1544659200,NaN,0.001104,NaN
1544745600,NaN,0.001099,NaN
1544832000,0.001396,0.001094,0.000302
1544918400,0.000832,0.001087,-0.000255
1545004800,NaN,0.001080,NaN
1545091200,NaN,0.001073,NaN
1545177600,NaN,0.001066,NaN
1545264000,0.001236,0.001059,0.000177
1545350400,0.001714,0.001053,0.000661
1545436800,0.001284,0.001046,0.000238
1545523200,NaN,0.001039,NaN
1545609600,0.000462,0.001032,-0.000570
1545696000,NaN,0.001025,NaN
1545782400,NaN,0.001018,NaN
1545868800,NaN,0.001012,NaN
1545955200,NaN,0.001005,NaN
1546041600,NaN,0.000998,NaN
1546128000,NaN,0.000991,NaN
1546214400,NaN,0.000984,NaN
1546300800,NaN,0.000977,NaN
1546387200,NaN,0.000970,NaN
1546473600,NaN,0.000964,NaN
1546560000,0.001416,0.000957,0.000459
1546646400,0.000978,0.000950,0.000028
1546732800,0.000948,0.000943,0.000005
1546819200,NaN,0.000936,NaN
1546905600,NaN,0.000929,NaN
1546992000,0.001124,0.000923,0.000201
1547078400,0.000650,0.000916,-0.000266
1547164800,0.000224,0.000909,-0.000685
1547251200,0.000328,0.000902,-0.000574
1547337600,NaN,0.000895,NaN
1547424000,NaN,0.000888,NaN
1547510400,NaN,0.000881,NaN
1547596800,NaN,0.000876,NaN
1547683200,NaN,0.000870,NaN
1547769600,NaN,0.000865,NaN
1547856000,NaN,0.000859,NaN
1547942400,NaN,0.000854,NaN
1548115200,NaN,0.000843,NaN
1548201600,NaN,0.000837,NaN
1548288000,0.003520,0.000831,0.002689
1548374400,NaN,0.000826,NaN
1548460800,NaN,0.000820,NaN
1548547200,0.001230,0.000815,0.000415
1548633600,0.001198,0.000809,0.000389
1548720000,0.003054,0.000804,0.002250
1548806400,NaN,0.000798,NaN
1548892800,NaN,0.000792,NaN
1548979200,NaN,0.000787,NaN
1549065600,NaN,0.000781,NaN
1549152000,NaN,0.000776,NaN
1549238400,NaN,0.000770,NaN
1549324800,0.000360,0.000765,-0.000405
1549411200,NaN,0.000759,NaN
1549497600,0.000463,0.000754,-0.000291
1549584000,NaN,0.000748,NaN
1549670400,NaN,0.000742,NaN
1549756800,NaN,0.000737,NaN
1549843200,0.000588,0.000731,-0.000143
1549929600,NaN,0.000726,NaN
1550016000,0.000554,0.000720,-0.000166
1550102400,NaN,0.000715,NaN
1550188800,NaN,0.000709,NaN
1550275200,NaN,0.000708,NaN
1550361600,NaN,0.000707,NaN
1550448000,NaN,0.000706,NaN
1550534400,NaN,0.000705,NaN
1550620800,NaN,0.000704,NaN
1550707200,NaN,0.000703,NaN
1550793600,NaN,0.000703,NaN
1550880000,NaN,0.000702,NaN
1550966400,0.001330,0.000701,0.000629
1551052800,NaN,0.000700,NaN
1551139200,NaN,0.000699,NaN
1551225600,NaN,0.000698,NaN
1551312000,NaN,0.000697,NaN
1551398400,NaN,0.000696,NaN
1551484800,NaN,0.000695,NaN
1551571200,NaN,0.000694,NaN
1551657600,NaN,0.000693,NaN
1551744000,NaN,0.000692,NaN
1551830400,0.000824,0.000691,0.000133
1551916800,NaN,0.000690,NaN
1552003200,NaN,0.000690,NaN
1552089600,NaN,0.000689,NaN
1552176000,NaN,0.000688,NaN
1552262400,NaN,0.000687,NaN
1552348800,NaN,0.000686,NaN
1552435200,NaN,0.000685,NaN
1552521600,NaN,0.000684,NaN
1552608000,NaN,0.000683,NaN
1552694400,NaN,0.000677,NaN
1552780800,NaN,0.000671,NaN
1552867200,NaN,0.000665,NaN
1552953600,0.004208,0.000659,0.003549
1553040000,0.001706,0.000653,0.001053
1553126400,0.001409,0.000647,0.000762
1553212800,0.001164,0.000641,0.000523
1553299200,NaN,0.000635,NaN
1553385600,NaN,0.000629,NaN
1553472000,NaN,0.000623,NaN
1553558400,0.000461,0.000616,-0.000155
1553644800,0.000510,0.000610,-0.000100
1553731200,NaN,0.000604,NaN
1553817600,NaN,0.000598,NaN
1553904000,NaN,0.000592,NaN
1553990400,NaN,0.000586,NaN
1554076800,NaN,0.000580,NaN
1554163200,0.000436,0.000574,-0.000138
1554249600,NaN,0.000568,NaN
1554336000,NaN,0.000562,NaN
1554422400,NaN,0.000556,NaN
1554508800,NaN,0.000550,NaN
1554595200,NaN,0.000544,NaN
1554681600,NaN,0.000538,NaN
1554768000,0.000542,0.000532,0.000010
1554854400,0.000304,0.000526,-0.000222
1554940800,NaN,0.000520,NaN
1555027200,NaN,0.000514,NaN
1555113600,NaN,0.000507,NaN
1555200000,NaN,0.000501,NaN
1555286400,0.000194,0.000495,-0.000301
1555372800,NaN,0.000490,NaN
1555459200,NaN,0.000484,NaN
1555545600,NaN,0.000478,NaN
1555632000,NaN,0.000473,NaN
1555718400,0.000280,0.000467,-0.000187
1555804800,0.000278,0.000461,-0.000184
1555891200,NaN,0.000456,NaN
1555977600,NaN,0.000450,NaN
1556064000,NaN,0.000444,NaN
1556150400,NaN,0.000439,NaN
1556236800,0.000366,0.000433,-0.000067
1556323200,0.000166,0.000427,-0.000261
1556409600,0.000350,0.000422,-0.000072
1556496000,NaN,0.000416,NaN
1556582400,NaN,0.000411,NaN
1556668800,NaN,0.000405,NaN
1556755200,NaN,0.000399,NaN
1556841600,NaN,0.000394,NaN
1556928000,NaN,0.000388,NaN
1557014400,NaN,0.000382,NaN
1557100800,NaN,0.000377,NaN
1557187200,NaN,0.000371,NaN
1557273600,NaN,0.000365,NaN
1557360000,NaN,0.000360,NaN
1557446400,NaN,0.000354,NaN
1557532800,NaN,0.000348,NaN
1557619200,NaN,0.000343,NaN
1557705600,0.000134,0.000337,-0.000203
1557792000,0.000284,0.000331,-0.000047
1557878400,NaN,0.000326,NaN
1557964800,NaN,0.000324,NaN
1558051200,NaN,0.000322,NaN
1558137600,NaN,0.000320,NaN
1558224000,NaN,0.000319,NaN
1558310400,NaN,0.000317,NaN
1558396800,NaN,0.000315,NaN
1558483200,0.000430,0.000313,0.000117
1558569600,NaN,0.000312,NaN
1558656000,NaN,0.000310,NaN
1558742400,NaN,0.000308,NaN
1558828800,NaN,0.000306,NaN
1558915200,NaN,0.000305,NaN
1559001600,0.000282,0.000303,-0.000021
1559088000,0.000360,0.000301,0.000059
1559174400,0.000308,0.000299,0.000009
1559260800,NaN,0.000298,NaN
1559347200,NaN,0.000296,NaN
1559433600,NaN,0.000294,NaN
1559520000,0.000068,0.000293,-0.000224
1559606400,NaN,0.000291,NaN
1559692800,NaN,0.000289,NaN
1559779200,NaN,0.000287,NaN
1559865600,0.000599,0.000286,0.000313
1559952000,0.000438,0.000284,0.000154
1560038400,0.000430,0.000282,0.000148
1560124800,0.001092,0.000280,0.000812
1560211200,NaN,0.000279,NaN
1560297600,NaN,0.000277,NaN
1560384000,NaN,0.000275,NaN
1560470400,NaN,0.000273,NaN
1560556800,NaN,0.000272,NaN
1560643200,NaN,0.000271,NaN
1560729600,NaN,0.000270,NaN
1560816000,0.000664,0.000269,0.000395
1560902400,0.000454,0.000269,0.000185
1560988800,NaN,0.000268,NaN
1561075200,NaN,0.000267,NaN
1561161600,NaN,0.000266,NaN
1561248000,NaN,0.000266,NaN
1561334400,NaN,0.000265,NaN
1561420800,NaN,0.000264,NaN
1561507200,0.000259,0.000263,-0.000004
1561593600,NaN,0.000263,NaN
1561680000,NaN,0.000262,NaN
1561766400,NaN,0.000261,NaN
1561852800,NaN,0.000260,NaN
1561939200,NaN,0.000260,NaN
1562025600,NaN,0.000259,NaN
1562112000,NaN,0.000258,NaN
1562198400,NaN,0.000257,NaN
1562284800,NaN,0.000257,NaN
1562371200,NaN,0.000256,NaN
1562457600,0.000121,0.000255,-0.000134
1562544000,NaN,0.000254,NaN
1562630400,0.000203,0.000254,-0.000051
1562716800,0.000232,0.000253,-0.000021
1562803200,NaN,0.000252,NaN
1562889600,NaN,0.000251,NaN
1562976000,NaN,0.000251,NaN
1563062400,NaN,0.000250,NaN
1563148800,NaN,0.000249,NaN
1563235200,NaN,0.000247,NaN
1563321600,0.000290,0.000245,0.000045
1563408000,NaN,0.000243,NaN
1563494400,NaN,0.000241,NaN
1563580800,0.000187,0.000239,-0.000052
1563667200,NaN,0.000237,NaN
1563753600,NaN,0.000235,NaN
1563840000,NaN,0.000233,NaN
1563926400,NaN,0.000231,NaN
1564012800,0.000260,0.000229,0.000031
1564099200,0.000372,0.000227,0.000145
1564185600,NaN,0.000225,NaN
1564272000,0.000348,0.000223,0.000125
1564358400,NaN,0.000221,NaN
1564444800,NaN,0.000219,NaN
1564531200,0.000217,0.000217,0.000000
1564617600,NaN,0.000215,NaN
1564704000,NaN,0.000213,NaN
1564790400,NaN,0.000211,NaN
1564876800,NaN,0.000209,NaN
1564963200,NaN,0.000207,NaN
1565049600,0.000244,0.000205,0.000039
1565136000,NaN,0.000203,NaN
1565222400,NaN,0.000201,NaN
1565308800,NaN,0.000199,NaN
1565395200,0.000246,0.000197,0.000049
1565481600,0.000076,0.000195,-0.000119
1565568000,0.000098,0.000193,-0.000095
1565654400,0.000174,0.000191,-0.000017
1565740800,NaN,0.000189,NaN
1565827200,NaN,0.000187,NaN
1565913600,0.000023,0.000191,-0.000168
1566000000,0.000118,0.000195,-0.000077
1566086400,0.000197,0.000199,-0.000002
1566172800,NaN,0.000203,NaN
1566259200,NaN,0.000206,NaN
1566345600,NaN,0.000210,NaN
1566432000,0.000466,0.000214,0.000252
1566518400,NaN,0.000218,NaN
1566604800,NaN,0.000222,NaN
1566691200,NaN,0.000226,NaN
1566777600,0.000342,0.000230,0.000112
1566864000,0.000223,0.000234,-0.000011
1566950400,0.000142,0.000238,-0.000096
1567036800,NaN,0.000242,NaN
1567123200,NaN,0.000246,NaN
1567209600,0.000298,0.000250,0.000048
1567296000,0.000210,0.000254,-0.000045
1567382400,NaN,0.000258,NaN
1567468800,NaN,0.000262,NaN
1567555200,NaN,0.000266,NaN
1567641600,0.000324,0.000270,0.000054
1567728000,0.000045,0.000274,-0.000229
1567814400,0.000021,0.000278,-0.000257
1567900800,NaN,0.000282,NaN
1567987200,0.000350,0.000286,0.000064
1568073600,NaN,0.000290,NaN
1568160000,0.000214,0.000294,-0.000080
1568246400,0.000160,0.000298,-0.000138
1568332800,0.000138,0.000302,-0.000164
1568419200,0.000162,0.000306,-0.000144
1568505600,NaN,0.000310,NaN
1568592000,NaN,0.000320,NaN
1568678400,NaN,0.000330,NaN
1568764800,NaN,0.000341,NaN
1568851200,NaN,0.000351,NaN
1568937600,NaN,0.000362,NaN
1569024000,NaN,0.000372,NaN
1569110400,0.000522,0.000382,0.000140
1569196800,0.000596,0.000393,0.000203
1569283200,0.000312,0.000403,-0.000091
1569369600,0.000216,0.000414,-0.000198
1569456000,NaN,0.000424,NaN
1569542400,0.000426,0.000434,-0.000008
1569628800,0.000254,0.000445,-0.000191
1569715200,NaN,0.000455,NaN
1569801600,NaN,0.000466,NaN
1569888000,NaN,0.000476,NaN
1569974400,NaN,0.000486,NaN
1570060800,NaN,0.000497,NaN
1570147200,NaN,0.000507,NaN
1570233600,NaN,0.000518,NaN
1570320000,0.000236,0.000528,-0.000292
1570406400,0.000368,0.000538,-0.000170
1570492800,NaN,0.000549,NaN
1570579200,0.000174,0.000559,-0.000385
1570665600,NaN,0.000570,NaN
1570752000,NaN,0.000580,NaN
1570838400,NaN,0.000590,NaN
1570924800,NaN,0.000601,NaN
1571011200,0.000380,0.000611,-0.000231
1571097600,NaN,0.000622,NaN
1571184000,NaN,0.000642,NaN
1571270400,NaN,0.000662,NaN
1571356800,NaN,0.000682,NaN
1571443200,0.000352,0.000702,-0.000350
1571529600,0.000448,0.000722,-0.000274
1571616000,NaN,0.000742,NaN
1571702400,NaN,0.000763,NaN
1571788800,0.000934,0.000783,0.000151
1571875200,NaN,0.000803,NaN
1571961600,NaN,0.000823,NaN
1572048000,NaN,0.000843,NaN
1572134400,NaN,0.000863,NaN
1572220800,NaN,0.000883,NaN
1572307200,NaN,0.000903,NaN
1572393600,0.000848,0.000924,-0.000076
1572480000,NaN,0.000944,NaN
1572566400,NaN,0.000964,NaN
1572652800,0.001658,0.000984,0.000674
1572739200,0.001356,0.001004,0.000352
1572825600,NaN,0.001024,NaN
1572912000,NaN,0.001044,NaN
1572998400,0.001032,0.001064,-0.000032
1573084800,NaN,0.001084,NaN
1573171200,NaN,0.001105,NaN
1573257600,0.001227,0.001125,0.000102
1573344000,0.000822,0.001145,-0.000323
1573430400,NaN,0.001165,NaN
1573516800,NaN,0.001185,NaN
1573603200,NaN,0.001205,NaN
1573689600,NaN,0.001225,NaN
1573776000,0.001487,0.001245,0.000242
1573862400,0.001324,0.001240,0.000084
1573948800,NaN,0.001235,NaN
1574035200,0.001034,0.001230,-0.000196
1574121600,0.000726,0.001225,-0.000499
1574208000,NaN,0.001220,NaN
1574294400,NaN,0.001215,NaN
1574380800,NaN,0.001210,NaN
1574467200,0.001171,0.001205,-0.000034
1574553600,0.000310,0.001200,-0.000890
1574640000,NaN,0.001195,NaN
1574726400,NaN,0.001190,NaN
1574812800,NaN,0.001185,NaN
1574899200,NaN,0.001180,NaN
1574985600,0.000830,0.001175,-0.000345
1575072000,0.001194,0.001170,0.000024
1575158400,NaN,0.001165,NaN
1575244800,0.000824,0.001159,-0.000335
1575331200,0.000596,0.001154,-0.000558
1575417600,0.000580,0.001149,-0.000569
1575504000,0.000508,0.001144,-0.000636
1575590400,NaN,0.001139,NaN
1575676800,NaN,0.001134,NaN
1575763200,NaN,0.001129,NaN
1575849600,0.000872,0.001124,-0.000252
1575936000,NaN,0.001119,NaN
1576022400,NaN,0.001114,NaN
1576108800,NaN,0.001109,NaN
1576195200,NaN,0.001104,NaN
1576281600,0.000992,0.001099,-0.000107
1576368000,NaN,0.001094,NaN
1576454400,NaN,0.001087,NaN
1576540800,NaN,0.001080,NaN
1576627200,0.001896,0.001073,0.000823
1576713600,0.001374,0.001066,0.000308
1576800000,NaN,0.001059,NaN
1576886400,NaN,0.001053,NaN
1576972800,0.002048,0.001046,0.001002
1577059200,0.001784,0.001039,0.000745
1577145600,NaN,0.001032,NaN
1577232000,NaN,0.001025,NaN
1577318400,0.000408,0.001018,-0.000610
1577404800,NaN,0.001012,NaN
1577491200,NaN,0.001005,NaN
1577577600,NaN,0.000998,NaN
1577664000,0.000820,0.000991,-0.000171
1577750400,0.000882,0.000984,-0.000102
1577836800,NaN,0.000977,NaN
1577923200,NaN,0.000970,NaN
1578009600,0.000569,0.000964,-0.000395
1578096000,0.000924,0.000957,-0.000033
1578182400,0.001118,0.000950,0.000168
1578268800,0.001300,0.000943,0.000357
1578355200,0.001466,0.000936,0.000530
1578441600,0.001261,0.000929,0.000332
1578528000,NaN,0.000923,NaN
1578614400,NaN,0.000916,NaN
1578700800,0.002344,0.000909,0.001435
1578787200,NaN,0.000902,NaN
1578873600,NaN,0.000895,NaN
1578960000,NaN,0.000888,NaN
1579046400,NaN,0.000881,NaN
1579132800,NaN,0.000876,NaN
1579219200,NaN,0.000870,NaN
1579305600,NaN,0.000865,NaN
1579392000,0.001250,0.000859,0.000391
1579478400,0.002722,0.000854,0.001868
1579564800,0.002884,0.000848,0.002036
1579651200,NaN,0.000843,NaN
1579737600,NaN,0.000837,NaN
1579824000,0.000952,0.000831,0.000121
1579910400,NaN,0.000826,NaN
1579996800,NaN,0.000820,NaN
1580083200,0.001218,0.000815,0.000403
1580169600,NaN,0.000809,NaN
1580256000,NaN,0.000804,NaN
1580342400,NaN,0.000798,NaN
1580428800,NaN,0.000792,NaN
1580515200,0.000440,0.000787,-0.000347
1580601600,0.000317,0.000781,-0.000464
1580688000,NaN,0.000776,NaN
1580774400,NaN,0.000770,NaN
1580860800,NaN,0.000765,NaN
1580947200,NaN,0.000759,NaN
1581033600,0.000722,0.000754,-0.000032
1581120000,0.000394,0.000748,-0.000354
1581206400,NaN,0.000742,NaN
1581292800,NaN,0.000737,NaN
1581379200,NaN,0.000731,NaN
1581465600,NaN,0.000726,NaN
1581552000,NaN,0.000720,NaN
1581638400,0.000820,0.000715,0.000105
1581724800,NaN,0.000709,NaN
1581811200,NaN,0.000708,NaN
1581897600,NaN,0.000707,NaN
1581984000,NaN,0.000706,NaN
1582070400,NaN,0.000705,NaN
1582156800,NaN,0.000704,NaN
1582243200,0.004922,0.000703,0.004219
1582329600,0.001098,0.000703,0.000395
1582416000,NaN,0.000702,NaN
1582502400,NaN,0.000701,NaN
1582588800,NaN,0.000700,NaN
1582675200,NaN,0.000699,NaN
1582761600,0.000750,0.000698,0.000052
1582848000,0.000648,0.000697,-0.000049
1582934400,0.000428,0.000696,-0.000269
1583020800,NaN,0.000695,NaN
1583107200,NaN,0.000694,NaN
1583193600,NaN,0.000693,NaN
1583280000,NaN,0.000692,NaN
1583366400,NaN,0.000691,NaN
1583452800,0.000236,0.000690,-0.000454
1583539200,NaN,0.000690,NaN
1583625600,0.000292,0.000689,-0.000397
1583712000,NaN,0.000688,NaN
1583798400,NaN,0.000687,NaN
1583884800,NaN,0.000686,NaN
1583971200,0.000403,0.000685,-0.000282
1584057600,0.000294,0.000684,-0.000390
1584144000,NaN,0.000683,NaN
1584230400,NaN,0.000677,NaN
1584316800,NaN,0.000671,NaN
1584403200,NaN,0.000665,NaN
1584489600,0.000198,0.000659,-0.000461
1584576000,NaN,0.000653,NaN
1584662400,NaN,0.000647,NaN
1584748800,NaN,0.000641,NaN
1584835200,NaN,0.000635,NaN
1584921600,0.000212,0.000629,-0.000417
1585008000,0.000236,0.000623,-0.000387
1585094400,NaN,0.000616,NaN
1585180800,NaN,0.000610,NaN
1585267200,0.000294,0.000604,-0.000310
1585353600,NaN,0.000598,NaN
1585440000,NaN,0.000592,NaN
1585526400,NaN,0.000586,NaN
1585612800,NaN,0.000580,NaN
1585699200,NaN,0.000574,NaN
1585785600,NaN,0.000568,NaN
1585872000,NaN,0.000562,NaN
1585958400,NaN,0.000556,NaN
1586044800,NaN,0.000550,NaN
1586131200,NaN,0.000544,NaN
1586217600,NaN,0.000538,NaN
1586304000,NaN,0.000532,NaN
1586390400,NaN,0.000526,NaN
1586476800,NaN,0.000520,NaN
1586563200,NaN,0.000514,NaN
1586649600,NaN,0.000507,NaN
1586736000,NaN,0.000501,NaN
1586822400,NaN,0.000495,NaN
1586908800,NaN,0.000490,NaN
1586995200,NaN,0.000484,NaN
1587081600,NaN,0.000478,NaN
1587168000,NaN,0.000473,NaN
1587254400,NaN,0.000467,NaN
1587340800,NaN,0.000461,NaN
1587427200,NaN,0.000456,NaN
1587513600,NaN,0.000450,NaN
1587600000,NaN,0.000444,NaN
1587686400,0.000162,0.000439,-0.000277
1587772800,NaN,0.000433,NaN
1587859200,NaN,0.000427,NaN
1587945600,NaN,0.000422,NaN
1588032000,NaN,0.000416,NaN
1588118400,NaN,0.000411,NaN
1588204800,0.000162,0.000405,-0.000243
1588291200,NaN,0.000399,NaN
1588377600,NaN,0.000394,NaN
1588464000,0.000069,0.000388,-0.000319
1588550400,0.000490,0.000382,0.000108
1588636800,NaN,0.000377,NaN
1588723200,NaN,0.000371,NaN
1588809600,NaN,0.000365,NaN
1588896000,NaN,0.000360,NaN
1588982400,NaN,0.000354,NaN
1589068800,NaN,0.000348,NaN
1589155200,0.000320,0.000343,-0.000023
1589241600,NaN,0.000337,NaN
1589328000,NaN,0.000331,NaN
1589414400,NaN,0.000326,NaN
1589500800,NaN,0.000324,NaN
1589587200,NaN,0.000322,NaN
1589673600,NaN,0.000320,NaN
1589760000,NaN,0.000319,NaN
1589846400,0.000208,0.000317,-0.000109
1589932800,0.000442,0.000315,0.000127
1590019200,NaN,0.000313,NaN
1590105600,NaN,0.000312,NaN
1590192000,NaN,0.000310,NaN
1590278400,NaN,0.000308,NaN
1590364800,NaN,0.000306,NaN
1590451200,NaN,0.000305,NaN
1590537600,0.000175,0.000303,-0.000128
1590624000,NaN,0.000301,NaN
1590710400,NaN,0.000299,NaN
1590796800,0.000374,0.000298,0.000076
1590883200,NaN,0.000296,NaN
1590969600,NaN,0.000294,NaN
1591056000,NaN,0.000293,NaN
1591142400,NaN,0.000291,NaN
1591228800,0.000142,0.000289,-0.000147
1591315200,0.000240,0.000287,-0.000047
1591401600,0.000220,0.000286,-0.000066
1591488000,NaN,0.000284,NaN
1591574400,NaN,0.000282,NaN
1591660800,NaN,0.000280,NaN
1591747200,0.000445,0.000279,0.000166
1591833600,0.000292,0.000277,0.000015
1591920000,0.000326,0.000275,0.000051
1592006400,NaN,0.000273,NaN
1592092800,NaN,0.000272,NaN
1592179200,0.000231,0.000271,-0.000040
1592265600,0.000136,0.000270,-0.000134
1592352000,0.000212,0.000269,-0.000057
1592438400,NaN,0.000269,NaN
1592524800,NaN,0.000268,NaN
1592611200,0.000286,0.000267,0.000019
1592697600,NaN,0.000266,NaN
1592784000,NaN,0.000266,NaN
1592870400,NaN,0.000265,NaN
1592956800,NaN,0.000264,NaN
1593043200,NaN,0.000263,NaN
1593129600,NaN,0.000263,NaN
1593216000,NaN,0.000262,NaN
1593302400,NaN,0.000261,NaN
1593388800,NaN,0.000260,NaN
1593475200,NaN,0.000260,NaN
1593561600,NaN,0.000259,NaN
1593648000,NaN,0.000258,NaN
1593734400,NaN,0.000257,NaN
1593820800,NaN,0.000257,NaN
1593907200,NaN,0.000256,NaN
1593993600,NaN,0.000255,NaN
1594080000,NaN,0.000254,NaN
1594166400,NaN,0.000254,NaN
1594252800,NaN,0.000253,NaN
1594339200,NaN,0.000252,NaN
1594425600,0.000210,0.000251,-0.000041
1594512000,0.000400,0.000251,0.000149
1594598400,NaN,0.000250,NaN
1594684800,0.000352,0.000249,0.000103
1594771200,NaN,0.000247,NaN
1594857600,0.000218,0.000245,-0.000027
1594944000,NaN,0.000243,NaN
1595030400,NaN,0.000241,NaN
1595116800,0.000162,0.000239,-0.000077
1595203200,NaN,0.000237,NaN
1595289600,NaN,0.000235,NaN
1595376000,0.000170,0.000233,-0.000063
1595462400,NaN,0.000231,NaN
1595548800,NaN,0.000229,NaN
1595635200,NaN,0.000227,NaN
1595721600,NaN,0.000225,NaN
1595808000,NaN,0.000223,NaN
1595894400,NaN,0.000221,NaN
1595980800,0.000214,0.000219,-0.000005
1596067200,NaN,0.000217,NaN
1596153600,NaN,0.000215,NaN
1596240000,NaN,0.000213,NaN
1596326400,0.000332,0.000211,0.000121
1596412800,0.000118,0.000209,-0.000091
1596499200,0.000174,0.000207,-0.000033
1596585600,NaN,0.000205,NaN
1596672000,0.000371,0.000203,0.000168
1596758400,NaN,0.000201,NaN
1596844800,0.000108,0.000199,-0.000091
1596931200,NaN,0.000197,NaN
1597017600,0.000318,0.000195,0.000123
1597104000,NaN,0.000193,NaN
1597190400,0.000199,0.000191,0.000008
1597276800,0.000466,0.000189,0.000277
1597363200,NaN,0.000187,NaN
1597449600,0.000188,0.000191,-0.000003
1597536000,NaN,0.000195,NaN
1597622400,NaN,0.000199,NaN
1597708800,0.000037,0.000203,-0.000166
1597795200,0.000130,0.000206,-0.000076
1597881600,0.000097,0.000210,-0.000113
1597968000,NaN,0.000214,NaN
1598054400,NaN,0.000218,NaN
1598140800,0.000082,0.000222,-0.000140
1598227200,NaN,0.000226,NaN
1598313600,NaN,0.000230,NaN
1598400000,NaN,0.000234,NaN
1598486400,NaN,0.000238,NaN
1598572800,0.004429,0.000242,0.004187
1598659200,0.002172,0.000246,0.001926
1598745600,0.002597,0.000250,0.002347
1598832000,0.001182,0.000254,0.000928
1598918400,NaN,0.000258,NaN
1599004800,NaN,0.000262,NaN
1599091200,NaN,0.000266,NaN
1599177600,NaN,0.000270,NaN
1599264000,NaN,0.000274,NaN
1599350400,NaN,0.000278,NaN
1599436800,NaN,0.000282,NaN
1599523200,NaN,0.000286,NaN
1599609600,NaN,0.000290,NaN
1599696000,NaN,0.000294,NaN
1599782400,0.000421,0.000298,0.000123
1599868800,NaN,0.000302,NaN
1599955200,NaN,0.000306,NaN
1600041600,NaN,0.000310,NaN
1600128000,0.000180,0.000320,-0.000140
1600214400,NaN,0.000330,NaN
1600300800,NaN,0.000341,NaN
1600387200,NaN,0.000351,NaN
1600473600,NaN,0.000362,NaN
1600560000,NaN,0.000372,NaN
1600646400,NaN,0.000382,NaN
1600732800,NaN,0.000393,NaN
1600819200,NaN,0.000403,NaN
1600905600,NaN,0.000414,NaN
1600992000,NaN,0.000424,NaN
1601078400,0.000650,0.000434,0.000216
1601164800,0.000299,0.000445,-0.000146
1601251200,NaN,0.000455,NaN
1601337600,0.000764,0.000466,0.000298
1601424000,0.000853,0.000476,0.000377
1601510400,0.000525,0.000486,0.000039
1601596800,0.000786,0.000497,0.000289
1601683200,0.000704,0.000507,0.000197
1601769600,0.000524,0.000518,0.000006
1601856000,0.000413,0.000528,-0.000115
1601942400,0.000332,0.000538,-0.000207
1602028800,NaN,0.000549,NaN
1602115200,NaN,0.000559,NaN
1602201600,NaN,0.000570,NaN
1602288000,0.007236,0.000580,0.006656
1602374400,NaN,0.000590,NaN
1602460800,0.002742,0.000601,0.002141
1602547200,0.002296,0.000611,0.001685
1602633600,0.002121,0.000622,0.001499
1602720000,0.002850,0.000642,0.002208
1602806400,NaN,0.000662,NaN
1602892800,NaN,0.000682,NaN
1602979200,NaN,0.000702,NaN
1603065600,0.002510,0.000722,0.001788
1603152000,0.000524,0.000742,-0.000218
1603238400,NaN,0.000763,NaN
1603324800,NaN,0.000783,NaN
1603411200,0.000925,0.000803,0.000122
1603497600,NaN,0.000823,NaN
1603584000,NaN,0.000843,NaN
1603670400,NaN,0.000863,NaN
1603756800,NaN,0.000883,NaN
1603843200,NaN,0.000903,NaN
1603929600,0.008402,0.000924,0.007478
1604016000,NaN,0.000944,NaN
1604102400,0.003206,0.000964,0.002242
1604188800,0.002956,0.000984,0.001972
1604275200,0.004204,0.001004,0.003200
1604361600,0.002880,0.001024,0.001856
1604448000,0.001778,0.001044,0.000734
1604534400,0.002838,0.001064,0.001774
1604620800,NaN,0.001084,NaN
1604707200,NaN,0.001105,NaN
1604793600,NaN,0.001125,NaN
1604880000,0.002596,0.001145,0.001451
1604966400,NaN,0.001165,NaN
1605052800,NaN,0.001185,NaN
1605139200,0.001248,0.001205,0.000043
1605225600,NaN,0.001225,NaN
1605312000,0.000827,0.001245,-0.000418
1605398400,0.001744,0.001240,0.000504
1605484800,0.001879,0.001235,0.000644
1605571200,0.002893,0.001230,0.001663
1605657600,NaN,0.001225,NaN
1605744000,0.001582,0.001220,0.000362
1605830400,0.002816,0.001215,0.001601
1605916800,0.002878,0.001210,0.001668
1606003200,NaN,0.001205,NaN
1606089600,NaN,0.001200,NaN
1606176000,0.002164,0.001195,0.000969
1606262400,NaN,0.001190,NaN
1606348800,NaN,0.001185,NaN
1606435200,0.000852,0.001180,-0.000328
1606521600,NaN,0.001175,NaN
1606608000,NaN,0.001170,NaN
1606694400,0.003818,0.001165,0.002653
1606780800,NaN,0.001159,NaN
1606867200,NaN,0.001154,NaN
1606953600,NaN,0.001149,NaN
1607040000,NaN,0.001144,NaN
1607126400,NaN,0.001139,NaN
1607212800,NaN,0.001134,NaN
1607299200,0.003670,0.001129,0.002541
1607385600,0.002770,0.001124,0.001646
1607472000,0.002462,0.001119,0.001343
1607558400,0.002208,0.001114,0.001094
1607644800,NaN,0.001109,NaN
1607731200,NaN,0.001104,NaN
1607817600,NaN,0.001099,NaN
1607904000,NaN,0.001094,NaN
1607990400,NaN,0.001087,NaN
1608076800,NaN,0.001080,NaN
1608163200,0.001854,0.001074,0.000780
1608249600,NaN,0.001067,NaN
1608336000,NaN,0.001061,NaN
1608422400,NaN,0.001054,NaN
1608508800,0.001186,0.001047,0.000139
1608595200,0.001262,0.001041,0.000221
1608681600,NaN,0.001034,NaN
1608768000,0.008030,0.001027,0.007003
1608854400,0.002483,0.001021,0.001462
1608940800,0.001620,0.001014,0.000606
1609027200,NaN,0.001007,NaN
1609113600,0.001158,0.001001,0.000157
1609200000,0.001595,0.000994,0.000601
1609286400,NaN,0.000988,NaN
1609372800,NaN,0.000981,NaN
1609459200,NaN,0.000974,NaN
1609545600,NaN,0.000968,NaN
1609632000,0.001897,0.000961,0.000936
1609718400,0.001656,0.000954,0.000701
1609804800,0.001562,0.000948,0.000614
1609891200,NaN,0.000941,NaN
1609977600,0.001203,0.000935,0.000268
1610064000,NaN,0.000928,NaN
1610150400,NaN,0.000921,NaN
1610236800,NaN,0.000915,NaN
1610323200,NaN,0.000908,NaN
1610409600,NaN,0.000901,NaN
1610496000,0.002036,0.000895,0.001141
1610582400,0.001736,0.000888,0.000848
1610668800,0.001979,0.000881,0.001098
1610755200,0.002032,0.000876,0.001156
1610841600,0.001156,0.000870,0.000286
1610928000,0.000856,0.000865,-0.000009
1611014400,0.000790,0.000859,-0.000069
1611100800,NaN,0.000854,NaN
1611187200,NaN,0.000848,NaN
1611273600,NaN,0.000843,NaN
1611360000,NaN,0.000837,NaN
1611446400,NaN,0.000831,NaN
1611532800,NaN,0.000826,NaN
1611619200,NaN,0.000820,NaN
1611705600,NaN,0.000815,NaN
1611792000,NaN,0.000809,NaN
1611878400,NaN,0.000804,NaN
1611964800,NaN,0.000798,NaN
1612051200,0.000640,0.000792,-0.000152
1612137600,0.002144,0.000787,0.001357
1612224000,0.001396,0.000781,0.000615
1612310400,0.001840,0.000776,0.001064
1612396800,0.001632,0.000770,0.000862
1612483200,NaN,0.000765,NaN
1612569600,NaN,0.000759,NaN
1612656000,NaN,0.000754,NaN
1612742400,NaN,0.000748,NaN
1612828800,NaN,0.000742,NaN
1612915200,NaN,0.000737,NaN
1613001600,NaN,0.000731,NaN
1613088000,NaN,0.000726,NaN
1613174400,NaN,0.000720,NaN
1613260800,NaN,0.000715,NaN
1613347200,NaN,0.000709,NaN
1613433600,NaN,0.000708,NaN
1613520000,NaN,0.000707,NaN
1613606400,NaN,0.000706,NaN
1613692800,NaN,0.000705,NaN
1613779200,0.002072,0.000704,0.001368
1613865600,NaN,0.000703,NaN
1613952000,0.001008,0.000703,0.000305
1614038400,0.000744,0.000702,0.000042
1614124800,NaN,0.000701,NaN
1614211200,NaN,0.000700,NaN
1614297600,NaN,0.000699,NaN
1614384000,NaN,0.000698,NaN
1614470400,NaN,0.000697,NaN
1614556800,NaN,0.000696,NaN
1614643200,NaN,0.000695,NaN
1614729600,0.000537,0.000694,-0.000157
1614816000,0.000450,0.000693,-0.000243
1614902400,NaN,0.000692,NaN
1614988800,0.001160,0.000691,0.000469
1615075200,0.000612,0.000690,-0.000078
1615161600,NaN,0.000690,NaN
1615248000,0.000601,0.000689,-0.000088
1615334400,NaN,0.000688,NaN
1615420800,NaN,0.000687,NaN
1615507200,NaN,0.000686,NaN
1615593600,NaN,0.000685,NaN
1615680000,NaN,0.000684,NaN
1615766400,NaN,0.000683,NaN
1615852800,NaN,0.000677,NaN
1615939200,NaN,0.000671,NaN
1616025600,NaN,0.000665,NaN
1616112000,0.000660,0.000659,0.000001
1616198400,NaN,0.000653,NaN
1616284800,0.000314,0.000647,-0.000333
1616371200,0.000442,0.000641,-0.000199
1616457600,NaN,0.000635,NaN
1616544000,NaN,0.000629,NaN
1616630400,NaN,0.000623,NaN
1616716800,NaN,0.000616,NaN
1616803200,NaN,0.000610,NaN
1616889600,NaN,0.000604,NaN
1616976000,NaN,0.000598,NaN
1617062400,NaN,0.000592,NaN
1617148800,NaN,0.000586,NaN
1617235200,0.006380,0.000580,0.005800
1617321600,NaN,0.000574,NaN
1617408000,NaN,0.000568,NaN
1617494400,NaN,0.000562,NaN
1617580800,NaN,0.000556,NaN
1617667200,0.000583,0.000550,0.000033
1617753600,NaN,0.000544,NaN
1617840000,NaN,0.000538,NaN
1617926400,NaN,0.000532,NaN
1618012800,NaN,0.000526,NaN
1618099200,0.000296,0.000520,-0.000224
1618185600,NaN,0.000514,NaN
1618272000,NaN,0.000507,NaN
1618358400,NaN,0.000501,NaN
1618444800,NaN,0.000495,NaN
1618531200,NaN,0.000490,NaN
1618617600,NaN,0.000484,NaN
1618704000,NaN,0.000478,NaN
1618790400,NaN,0.000473,NaN
1618876800,0.000926,0.000467,0.000458
1618963200,0.001501,0.000461,0.001040
1619049600,0.001513,0.000456,0.001057
1619136000,NaN,0.000450,NaN
1619222400,NaN,0.000444,NaN
1619308800,0.000794,0.000439,0.000355
1619395200,0.000550,0.000433,0.000117
1619481600,NaN,0.000427,NaN
1619568000,NaN,0.000422,NaN
1619654400,NaN,0.000416,NaN
1619740800,NaN,0.000411,NaN
1619827200,NaN,0.000405,NaN
1619913600,0.000366,0.000399,-0.000033
1620000000,0.000432,0.000394,0.000038
1620086400,NaN,0.000388,NaN
1620172800,NaN,0.000382,NaN
1620259200,0.000173,0.000377,-0.000204
1620345600,0.000160,0.000371,-0.000211
1620432000,0.000210,0.000365,-0.000155
1620518400,NaN,0.000360,NaN
1620604800,NaN,0.000354,NaN
1620691200,NaN,0.000348,NaN
1620777600,NaN,0.000343,NaN
1620864000,NaN,0.000337,NaN
1620950400,0.000242,0.000331,-0.000089
1621036800,NaN,0.000326,NaN
1621123200,NaN,0.000324,NaN
1621209600,NaN,0.000322,NaN
1621296000,NaN,0.000320,NaN
1621382400,NaN,0.000319,NaN
1621468800,NaN,0.000317,NaN
1621555200,NaN,0.000315,NaN
1621641600,NaN,0.000313,NaN
1621728000,NaN,0.000312,NaN
1621814400,NaN,0.000310,NaN
1621900800,NaN,0.000308,NaN
1621987200,NaN,0.000306,NaN
1622073600,NaN,0.000305,NaN
1622160000,0.000162,0.000303,-0.000141
1622246400,NaN,0.000301,NaN
1622332800,NaN,0.000299,NaN
1622419200,NaN,0.000298,NaN
1622505600,NaN,0.000296,NaN
1622592000,NaN,0.000294,NaN
1622678400,NaN,0.000293,NaN
1622764800,NaN,0.000291,NaN
1622851200,NaN,0.000289,NaN
1622937600,NaN,0.000287,NaN
1623024000,NaN,0.000286,NaN
1623110400,NaN,0.000284,NaN
1623196800,0.000102,0.000282,-0.000180
1623283200,NaN,0.000280,NaN
1623369600,NaN,0.000279,NaN
1623456000,0.000104,0.000277,-0.000173
1623542400,0.000079,0.000275,-0.000196
1623628800,NaN,0.000273,NaN
1623715200,0.000158,0.000272,-0.000114
1623801600,NaN,0.000271,NaN
1623888000,NaN,0.000270,NaN
1623974400,NaN,0.000269,NaN
1624060800,NaN,0.000269,NaN
1624147200,NaN,0.000268,NaN
1624233600,NaN,0.000267,NaN
1624320000,NaN,0.000266,NaN
1624406400,0.000133,0.000266,-0.000133
1624492800,0.000121,0.000265,-0.000144
1624579200,NaN,0.000264,NaN
1624665600,NaN,0.000263,NaN
1624752000,NaN,0.000263,NaN
1624838400,NaN,0.000262,NaN
1624924800,NaN,0.000261,NaN
1625011200,0.000100,0.000260,-0.000160
1625097600,0.000040,0.000260,-0.000220
1625184000,NaN,0.000259,NaN
1625270400,NaN,0.000258,NaN
1625356800,NaN,0.000257,NaN
1625443200,NaN,0.000257,NaN
1625529600,NaN,0.000256,NaN
1625616000,NaN,0.000255,NaN
1625702400,NaN,0.000254,NaN
1625788800,NaN,0.000254,NaN
1625875200,NaN,0.000253,NaN
1625961600,NaN,0.000252,NaN
1626048000,NaN,0.000251,NaN
1626134400,NaN,0.000251,NaN
1626220800,0.000360,0.000250,0.000110
1626307200,NaN,0.000249,NaN
1626393600,NaN,0.000247,NaN
1626480000,0.000287,0.000245,0.000042
1626566400,NaN,0.000243,NaN
1626652800,NaN,0.000241,NaN
1626739200,NaN,0.000239,NaN
1626825600,NaN,0.000237,NaN
1626912000,0.000380,0.000235,0.000145
1626998400,NaN,0.000233,NaN
1627084800,NaN,0.000231,NaN
1627171200,NaN,0.000229,NaN
1627257600,NaN,0.000227,NaN
1627344000,0.000368,0.000225,0.000143
1627430400,0.000454,0.000223,0.000231
1627516800,NaN,0.000221,NaN
1627603200,NaN,0.000219,NaN
1627689600,0.000412,0.000217,0.000195
1627776000,NaN,0.000215,NaN
1627862400,NaN,0.000213,NaN
1628035200,NaN,0.000209,NaN
1628121600,NaN,0.000207,NaN
1628208000,NaN,0.000205,NaN
1628294400,0.000238,0.000203,0.000035
1628380800,NaN,0.000201,NaN
1628467200,NaN,0.000199,NaN
1628553600,0.000266,0.000197,0.000069
1628640000,0.000146,0.000195,-0.000049
1628726400,0.000124,0.000193,-0.000069
1628812800,NaN,0.000191,NaN
1628899200,NaN,0.000189,NaN
1628985600,NaN,0.000187,NaN
1629072000,0.000091,0.000191,-0.000100
1629158400,NaN,0.000195,NaN
1629244800,NaN,0.000199,NaN
1629331200,NaN,0.000203,NaN
1629417600,NaN,0.000206,NaN
1629504000,NaN,0.000210,NaN
1629590400,0.000188,0.000214,-0.000026
1629676800,0.000164,0.000218,-0.000054
1629763200,NaN,0.000222,NaN
1629849600,NaN,0.000226,NaN
1629936000,NaN,0.000230,NaN
1630022400,NaN,0.000234,NaN
1630108800,NaN,0.000238,NaN
1630195200,NaN,0.000242,NaN
1630281600,NaN,0.000246,NaN
1630368000,0.000178,0.000250,-0.000072
1630454400,NaN,0.000254,NaN
1630540800,NaN,0.000258,NaN
1630627200,0.000232,0.000262,-0.000030
1630713600,NaN,0.000266,NaN
1630800000,NaN,0.000270,NaN
1630886400,NaN,0.000274,NaN
1630972800,0.000148,0.000278,-0.000130
1631059200,0.000161,0.000282,-0.000121
1631145600,0.000456,0.000286,0.000170
1631232000,NaN,0.000290,NaN
1631318400,NaN,0.000294,NaN
1631404800,NaN,0.000298,NaN
1631491200,NaN,0.000302,NaN
1631577600,NaN,0.000306,NaN
1631664000,NaN,0.000310,NaN
1631750400,NaN,0.000320,NaN
1631836800,NaN,0.000330,NaN
1631923200,0.000470,0.000341,0.000129
1632009600,0.000224,0.000351,-0.000127
1632096000,NaN,0.000362,NaN
1632182400,0.000406,0.000372,0.000034
1632268800,0.000311,0.000382,-0.000071
1632355200,0.000176,0.000393,-0.000217
1632441600,0.000224,0.000403,-0.000179
1632528000,0.000338,0.000414,-0.000076
1632614400,0.000350,0.000424,-0.000074
1632700800,0.000166,0.000434,-0.000268
1632787200,NaN,0.000445,NaN
1632873600,NaN,0.000455,NaN
1632960000,NaN,0.000466,NaN
1633046400,NaN,0.000476,NaN
1633132800,NaN,0.000486,NaN
1633219200,NaN,0.000497,NaN
1633305600,NaN,0.000507,NaN
1633392000,0.000190,0.000518,-0.000328
1633478400,0.000326,0.000528,-0.000202
1633564800,0.000216,0.000538,-0.000322
1633651200,NaN,0.000549,NaN
1633737600,NaN,0.000559,NaN
1633824000,0.000213,0.000570,-0.000357
1633910400,0.000234,0.000580,-0.000346
1633996800,0.000294,0.000590,-0.000296
1634083200,0.000404,0.000601,-0.000197
1634169600,NaN,0.000611,NaN
1634256000,0.000146,0.000622,-0.000476
1634342400,NaN,0.000642,NaN
1634428800,0.000378,0.000662,-0.000284
1634515200,0.000258,0.000682,-0.000424
1634601600,NaN,0.000702,NaN
1634688000,NaN,0.000722,NaN
1634774400,0.000644,0.000742,-0.000098
1634860800,NaN,0.000763,NaN
1634947200,NaN,0.000783,NaN
1635033600,0.000138,0.000803,-0.000665
1635120000,NaN,0.000823,NaN
1635206400,NaN,0.000843,NaN
1635292800,NaN,0.000863,NaN
1635379200,NaN,0.000883,NaN
1635465600,0.002181,0.000903,0.001278
1635552000,0.001006,0.000924,0.000082
1635638400,0.000610,0.000944,-0.000334
1635724800,NaN,0.000964,NaN
1635811200,0.000290,0.000984,-0.000694
1635897600,0.000319,0.001004,-0.000685
1635984000,NaN,0.001024,NaN
1636070400,NaN,0.001044,NaN
1636156800,NaN,0.001064,NaN
1636243200,0.000674,0.001084,-0.000410
1636329600,0.000748,0.001105,-0.000357
1636416000,NaN,0.001125,NaN
1636502400,NaN,0.001145,NaN
1636588800,NaN,0.001165,NaN
1636675200,0.000316,0.001185,-0.000869
1636761600,0.000410,0.001205,-0.000795
1636934400,0.000507,0.001245,-0.000739
1637020800,NaN,0.001240,NaN
1637107200,NaN,0.001235,NaN
1637193600,NaN,0.001230,NaN
1637280000,NaN,0.001225,NaN
1637366400,0.001008,0.001220,-0.000212
1637452800,NaN,0.001215,NaN
1637539200,0.001554,0.001210,0.000344
1637625600,0.000526,0.001205,-0.000679
1637712000,0.001182,0.001200,-0.000018
1637798400,NaN,0.001195,NaN
1637884800,NaN,0.001190,NaN
1637971200,NaN,0.001185,NaN
1638057600,NaN,0.001180,NaN
1638144000,0.000626,0.001175,-0.000549
1638230400,0.000414,0.001170,-0.000756
1638316800,0.000370,0.001165,-0.000795
1638403200,0.000352,0.001159,-0.000807
1638489600,0.000422,0.001154,-0.000732
1638576000,0.000464,0.001149,-0.000685
1638662400,NaN,0.001144,NaN
1638748800,NaN,0.001139,NaN
1638835200,NaN,0.001134,NaN
1638921600,NaN,0.001129,NaN
1639008000,NaN,0.001124,NaN
1639094400,NaN,0.001119,NaN
1639180800,NaN,0.001114,NaN
1639267200,NaN,0.001109,NaN
1639353600,NaN,0.001104,NaN
1639440000,NaN,0.001099,NaN
1639526400,NaN,0.001094,NaN
1639612800,0.000810,0.001087,-0.000277
1639699200,0.000372,0.001080,-0.000708
1639785600,NaN,0.001073,NaN
1639872000,NaN,0.001066,NaN
1639958400,NaN,0.001059,NaN
1640044800,0.000420,0.001053,-0.000633
1640131200,0.000178,0.001046,-0.000868
1640217600,0.000488,0.001039,-0.000551
1640304000,0.000728,0.001032,-0.000304
1640390400,0.000396,0.001025,-0.000629
1640476800,NaN,0.001018,NaN
1640563200,NaN,0.001012,NaN
1640649600,NaN,0.001005,NaN
1640736000,NaN,0.000998,NaN
1640822400,0.000336,0.000991,-0.000655
1640908800,NaN,0.000984,NaN
1640995200,NaN,0.000977,NaN
1641081600,NaN,0.000970,NaN
1641168000,0.001424,0.000964,0.000460
1641254400,NaN,0.000957,NaN
1641340800,NaN,0.000950,NaN
1641427200,NaN,0.000943,NaN
1641513600,NaN,0.000936,NaN
1641600000,NaN,0.000929,NaN
1641686400,NaN,0.000923,NaN
1641772800,NaN,0.000916,NaN
1641859200,NaN,0.000909,NaN
1641945600,NaN,0.000902,NaN
1642032000,0.000653,0.000895,-0.000242
1642118400,0.000542,0.000888,-0.000346
1642204800,NaN,0.000881,NaN
1642291200,NaN,0.000876,NaN
1642377600,0.000908,0.000870,0.000038
1642464000,NaN,0.000865,NaN
1642550400,NaN,0.000859,NaN
1642636800,NaN,0.000854,NaN
1642723200,NaN,0.000848,NaN
1642809600,0.001174,0.000843,0.000331
1642896000,0.001070,0.000837,0.000233
1642982400,NaN,0.000831,NaN
1643068800,NaN,0.000826,NaN
1643155200,NaN,0.000820,NaN
1643241600,NaN,0.000815,NaN
1643328000,NaN,0.000809,NaN
1643414400,0.000588,0.000804,-0.000216
1643500800,NaN,0.000798,NaN
1643587200,NaN,0.000792,NaN
1643673600,NaN,0.000787,NaN
1643760000,NaN,0.000781,NaN
1643846400,NaN,0.000776,NaN
1643932800,NaN,0.000770,NaN
1644019200,NaN,0.000765,NaN
1644105600,0.000996,0.000759,0.000237
1644192000,NaN,0.000754,NaN
1644278400,0.001004,0.000748,0.000256
1644364800,0.000737,0.000742,-0.000005
1644451200,0.000572,0.000737,-0.000165
1644537600,NaN,0.000731,NaN
1644624000,NaN,0.000726,NaN
1644710400,0.001684,0.000720,0.000964
1644796800,0.001023,0.000715,0.000308
1644883200,0.000616,0.000709,-0.000093
1644969600,0.000438,0.000708,-0.000270
1645056000,NaN,0.000707,NaN
1645142400,NaN,0.000706,NaN
1645228800,NaN,0.000705,NaN
1645315200,NaN,0.000704,NaN
1645401600,NaN,0.000703,NaN
1645488000,NaN,0.000703,NaN
1645574400,NaN,0.000702,NaN
1645660800,NaN,0.000701,NaN
1645747200,NaN,0.000700,NaN
1645833600,NaN,0.000699,NaN
1645920000,NaN,0.000698,NaN
1646006400,0.000890,0.000697,0.000193
1646092800,0.000605,0.000696,-0.000091
1646179200,0.000345,0.000695,-0.000350
1646265600,NaN,0.000694,NaN
1646352000,0.000510,0.000693,-0.000183
1646438400,0.000392,0.000692,-0.000300
1646524800,NaN,0.000691,NaN
1646611200,NaN,0.000690,NaN
1646697600,NaN,0.000690,NaN
1646784000,NaN,0.000689,NaN
1646870400,NaN,0.000688,NaN
1646956800,NaN,0.000687,NaN
1647043200,0.004415,0.000686,0.003729
1647129600,NaN,0.000685,NaN
1647216000,NaN,0.000684,NaN
1647302400,NaN,0.000683,NaN
1647388800,0.000870,0.000677,0.000193
1647475200,NaN,0.000671,NaN
1647561600,0.000718,0.000665,0.000053
1647648000,NaN,0.000659,NaN
1647734400,NaN,0.000653,NaN
1647820800,NaN,0.000647,NaN
1647907200,NaN,0.000641,NaN
1647993600,0.002669,0.000635,0.002034
1648080000,0.001662,0.000629,0.001033
1648166400,0.000582,0.000623,-0.000041
1648252800,0.000690,0.000616,0.000074
1648339200,0.000423,0.000610,-0.000187
1648425600,0.000230,0.000604,-0.000374
1648512000,NaN,0.000598,NaN
1648598400,NaN,0.000592,NaN
1648684800,NaN,0.000586,NaN
1648771200,0.000487,0.000580,-0.000093
1648857600,NaN,0.000574,NaN
1648944000,0.000282,0.000568,-0.000286
1649030400,NaN,0.000562,NaN
1649116800,NaN,0.000556,NaN
1649203200,0.000648,0.000550,0.000098
1649289600,0.000677,0.000544,0.000133
1649376000,NaN,0.000538,NaN
1649462400,0.000372,0.000532,-0.000160
1649548800,NaN,0.000526,NaN
1649635200,NaN,0.000520,NaN
1649721600,NaN,0.000514,NaN
1649808000,NaN,0.000507,NaN
1649894400,0.000538,0.000501,0.000037
1649980800,NaN,0.000495,NaN
1650067200,NaN,0.000490,NaN
1650153600,0.000414,0.000484,-0.000070
1650240000,NaN,0.000478,NaN
1650326400,0.000808,0.000473,0.000335
1650412800,NaN,0.000467,NaN
1650499200,NaN,0.000461,NaN
1650585600,NaN,0.000456,NaN
1650672000,0.000401,0.000450,-0.000049
1650758400,0.000949,0.000444,0.000505
1650844800,0.000220,0.000439,-0.000219
1650931200,NaN,0.000433,NaN
1651017600,NaN,0.000427,NaN
1651104000,0.000380,0.000422,-0.000042
1651190400,0.000187,0.000416,-0.000229
1651276800,0.000206,0.000411,-0.000205
1651363200,0.000251,0.000405,-0.000154
1651449600,NaN,0.000399,NaN
1651536000,NaN,0.000394,NaN
1651622400,0.000206,0.000388,-0.000182
1651708800,NaN,0.000382,NaN
1651795200,0.000190,0.000377,-0.000187
1651881600,NaN,0.000371,NaN
1651968000,NaN,0.000365,NaN
1652054400,0.000374,0.000360,0.000014
1652140800,0.000492,0.000354,0.000138
1652227200,NaN,0.000348,NaN
1652313600,0.000294,0.000343,-0.000049
1652400000,NaN,0.000337,NaN
1652486400,0.000366,0.000331,0.000035
1652572800,NaN,0.000326,NaN
1652659200,NaN,0.000324,NaN
1652745600,0.000400,0.000322,0.000078
1652832000,NaN,0.000320,NaN
1652918400,NaN,0.000319,NaN
1653004800,NaN,0.000317,NaN
1653091200,NaN,0.000315,NaN
1653177600,NaN,0.000313,NaN
1653264000,NaN,0.000312,NaN
1653350400,NaN,0.000310,NaN
1653436800,NaN,0.000308,NaN
1653523200,0.000154,0.000306,-0.000152
1653609600,0.000176,0.000305,-0.000129
1653696000,NaN,0.000303,NaN
1653782400,NaN,0.000301,NaN
1653868800,NaN,0.000299,NaN
1653955200,NaN,0.000298,NaN
1654041600,0.000318,0.000296,0.000022
1654128000,0.000130,0.000294,-0.000164
1654214400,NaN,0.000293,NaN
1654300800,0.000223,0.000291,-0.000068
1654387200,0.000276,0.000289,-0.000013
1654473600,NaN,0.000287,NaN
1654560000,0.000284,0.000286,-0.000002
1654646400,NaN,0.000284,NaN
1654732800,0.000294,0.000282,0.000012
1654819200,0.000118,0.000280,-0.000162
1654905600,NaN,0.000279,NaN
1654992000,NaN,0.000277,NaN
1655078400,NaN,0.000275,NaN
1655164800,NaN,0.000273,NaN
1655251200,NaN,0.000272,NaN
1655337600,0.000472,0.000271,0.000201
1655424000,0.000100,0.000270,-0.000170
1655510400,0.000258,0.000269,-0.000011
1655596800,NaN,0.000269,NaN
1655683200,NaN,0.000268,NaN
1655769600,NaN,0.000267,NaN
1655856000,0.000092,0.000266,-0.000174
1655942400,0.000154,0.000266,-0.000112
1656028800,NaN,0.000265,NaN
1656115200,0.000224,0.000264,-0.000040
1656201600,0.000071,0.000263,-0.000192
1656288000,NaN,0.000263,NaN
1656374400,NaN,0.000262,NaN
1656460800,NaN,0.000261,NaN
1656547200,NaN,0.000260,NaN
1656633600,NaN,0.000260,NaN
1656720000,0.000178,0.000259,-0.000081
1656806400,NaN,0.000258,NaN
1656892800,NaN,0.000257,NaN
1656979200,NaN,0.000257,NaN
1657065600,0.000166,0.000256,-0.000090
1657152000,0.000050,0.000255,-0.000205
1657238400,0.000035,0.000254,-0.000219
1657324800,NaN,0.000254,NaN
1657411200,NaN,0.000253,NaN
1657497600,NaN,0.000252,NaN
1657584000,NaN,0.000251,NaN
1657670400,NaN,0.000251,NaN
1657756800,NaN,0.000250,NaN
1657843200,NaN,0.000249,NaN
1657929600,NaN,0.000247,NaN
1658016000,NaN,0.000245,NaN
1658102400,0.000059,0.000243,-0.000184
1658188800,0.000146,0.000241,-0.000095
1658275200,0.000245,0.000239,0.000006
1658361600,NaN,0.000237,NaN
1658448000,NaN,0.000235,NaN
1658534400,NaN,0.000233,NaN
1658620800,NaN,0.000231,NaN
1658707200,NaN,0.000229,NaN
1660089600,0.000140,0.000197,-0.000057
1660176000,NaN,0.000195,NaN
1660262400,NaN,0.000193,NaN
1660348800,NaN,0.000191,NaN
1660435200,NaN,0.000189,NaN
1660521600,0.000180,0.000187,-0.000007
1660608000,0.000276,0.000191,0.000085
1660694400,NaN,0.000195,NaN
1660780800,NaN,0.000199,NaN
1660867200,NaN,0.000203,NaN
1660953600,NaN,0.000206,NaN
1661040000,0.000224,0.000210,0.000014
1661126400,NaN,0.000214,NaN
1661212800,NaN,0.000218,NaN
1661299200,NaN,0.000222,NaN
1661385600,NaN,0.000226,NaN
1661472000,NaN,0.000230,NaN
1661558400,NaN,0.000234,NaN
1661644800,NaN,0.000238,NaN
1661731200,NaN,0.000242,NaN
1661817600,NaN,0.000246,NaN
1661904000,NaN,0.000250,NaN
1661990400,NaN,0.000254,NaN
1662076800,NaN,0.000258,NaN
1662163200,NaN,0.000262,NaN
1662249600,NaN,0.000266,NaN
1662336000,NaN,0.000270,NaN
1662422400,NaN,0.000274,NaN
1662508800,NaN,0.000278,NaN
1662595200,NaN,0.000282,NaN
1662681600,NaN,0.000286,NaN
1662768000,0.000119,0.000290,-0.000171
1662854400,NaN,0.000294,NaN
1662940800,NaN,0.000298,NaN
1663027200,NaN,0.000302,NaN
1663113600,0.000399,0.000306,0.000093
1663200000,NaN,0.000310,NaN
1663286400,NaN,0.000320,NaN
1663372800,NaN,0.000330,NaN
1663459200,NaN,0.000341,NaN
1663545600,NaN,0.000351,NaN
1663632000,0.000390,0.000362,0.000028
1663718400,0.000250,0.000372,-0.000122
1663804800,0.000282,0.000382,-0.000100
1663891200,0.000354,0.000393,-0.000039
1663977600,0.000083,0.000403,-0.000320
1664064000,NaN,0.000414,NaN
1664150400,0.000077,0.000424,-0.000347
1664236800,0.000260,0.000434,-0.000174
1664323200,0.001040,0.000445,0.000595
1664409600,NaN,0.000455,NaN
1664496000,0.000594,0.000466,0.000128
1664582400,0.000205,0.000476,-0.000271
1664668800,NaN,0.000486,NaN
1664755200,NaN,0.000497,NaN
1664841600,NaN,0.000507,NaN
1664928000,NaN,0.000518,NaN
1665014400,0.000094,0.000528,-0.000434
1665100800,NaN,0.000538,NaN
1665187200,0.000306,0.000549,-0.000243
1665273600,0.000738,0.000559,0.000179
1665360000,0.000552,0.000570,-0.000018
1665446400,NaN,0.000580,NaN
1665532800,0.000298,0.000590,-0.000293
1665619200,0.000292,0.000601,-0.000309
1665705600,0.000518,0.000611,-0.000093
1665792000,0.000496,0.000622,-0.000126
1665878400,NaN,0.000642,NaN
1665964800,NaN,0.000662,NaN
1666051200,NaN,0.000682,NaN
1666137600,0.000794,0.000702,0.000092
1666224000,0.000496,0.000722,-0.000226
1666310400,0.000360,0.000742,-0.000382
1666396800,0.000427,0.000763,-0.000336
1666483200,NaN,0.000783,NaN
1666569600,NaN,0.000803,NaN
1666656000,0.000294,0.000823,-0.000529
1666742400,0.000350,0.000843,-0.000493
1666828800,0.000319,0.000863,-0.000544
1666915200,NaN,0.000883,NaN
1667001600,NaN,0.000903,NaN
1667088000,0.000946,0.000924,0.000022
1667174400,0.000632,0.000944,-0.000312
1667260800,NaN,0.000964,NaN
1667347200,NaN,0.000984,NaN
1667433600,NaN,0.001004,NaN
1667520000,0.000526,0.001024,-0.000498
1667606400,NaN,0.001044,NaN
1667692800,0.000446,0.001064,-0.000618
1667779200,NaN,0.001084,NaN
1667865600,NaN,0.001105,NaN
1667952000,0.000394,0.001125,-0.000731
1668038400,0.000772,0.001145,-0.000373
1668124800,0.000734,0.001165,-0.000431
1668211200,NaN,0.001185,NaN
1668297600,NaN,0.001205,NaN
1668384000,NaN,0.001225,NaN
1668470400,NaN,0.001245,NaN
1668556800,NaN,0.001240,NaN
1668643200,NaN,0.001235,NaN
1668729600,NaN,0.001230,NaN
1668816000,NaN,0.001225,NaN
1668902400,NaN,0.001220,NaN
1668988800,NaN,0.001215,NaN
1669075200,NaN,0.001210,NaN
1669161600,NaN,0.001205,NaN
1669248000,NaN,0.001200,NaN
1669334400,NaN,0.001195,NaN
1669420800,0.000444,0.001190,-0.000746
1669507200,0.000710,0.001185,-0.000475
1669593600,0.000398,0.001180,-0.000782
1669680000,NaN,0.001175,NaN
1669766400,0.000788,0.001170,-0.000382
1669852800,NaN,0.001165,NaN
1669939200,0.001306,0.001159,0.000147
1670025600,NaN,0.001154,NaN
1670112000,NaN,0.001149,NaN
1670198400,0.000218,0.001144,-0.000926
1670284800,0.000298,0.001139,-0.000841
1670371200,0.000368,0.001134,-0.000766
1670457600,NaN,0.001129,NaN
1670544000,0.000231,0.001124,-0.000893
1670630400,NaN,0.001119,NaN
1670716800,NaN,0.001114,NaN
1670803200,0.000274,0.001109,-0.000835
1670889600,NaN,0.001104,NaN
1670976000,NaN,0.001099,NaN
1671062400,0.001749,0.001094,0.000655
1671148800,0.001218,0.001087,0.000131
1671235200,NaN,0.001080,NaN
1671321600,NaN,0.001073,NaN
1671408000,NaN,0.001066,NaN
1671494400,NaN,0.001059,NaN
1671580800,NaN,0.001053,NaN
1671667200,0.001004,0.001046,-0.000042
1671753600,NaN,0.001039,NaN
1671840000,NaN,0.001032,NaN
1671926400,0.002006,0.001025,0.000981
1672012800,NaN,0.001018,NaN
1672099200,0.001212,0.001012,0.000200
1672185600,0.000760,0.001005,-0.000245
1672272000,NaN,0.000998,NaN
1672358400,NaN,0.000991,NaN
1672444800,0.000640,0.000984,-0.000344
1672531200,0.000326,0.000977,-0.000651
1672617600,NaN,0.000970,NaN
1672704000,NaN,0.000964,NaN
1672790400,0.000125,0.000957,-0.000832
1672876800,0.000143,0.000950,-0.000807
1672963200,0.000172,0.000943,-0.000771
1673049600,0.000314,0.000936,-0.000622
1673136000,NaN,0.000929,NaN
1673222400,NaN,0.000923,NaN
1673308800,NaN,0.000916,NaN
1673395200,0.000102,0.000909,-0.000807
1673481600,0.000171,0.000902,-0.000731
1673568000,0.001786,0.000895,0.000891
1673654400,0.001140,0.000888,0.000252
1673740800,NaN,0.000881,NaN
1673827200,NaN,0.000876,NaN
1673913600,0.000469,0.000870,-0.000401
1674000000,NaN,0.000865,NaN
1674086400,0.000866,0.000859,0.000007
1674172800,NaN,0.000854,NaN
1674259200,NaN,0.000848,NaN
1674345600,0.000802,0.000843,-0.000041
1674432000,0.000663,0.000837,-0.000174
1674518400,NaN,0.000831,NaN
1674604800,NaN,0.000826,NaN
1674691200,0.001507,0.000820,0.000687
1674777600,NaN,0.000815,NaN
1674864000,NaN,0.000809,NaN
1674950400,0.001224,0.000804,0.000420
1675036800,NaN,0.000798,NaN
1675123200,NaN,0.000792,NaN
1675209600,NaN,0.000787,NaN
1675296000,NaN,0.000781,NaN
1675382400,0.001234,0.000776,0.000458
1675468800,0.001090,0.000770,0.000320
1675555200,0.000404,0.000765,-0.000361
1675641600,NaN,0.000759,NaN
1675728000,0.000496,0.000754,-0.000258
1675814400,NaN,0.000748,NaN
1675900800,0.000450,0.000742,-0.000292
1675987200,NaN,0.000737,NaN
1676073600,NaN,0.000731,NaN
1676160000,0.000474,0.000726,-0.000252
1676246400,0.000310,0.000720,-0.000410
1676332800,NaN,0.000715,NaN
1676419200,0.000712,0.000709,0.000003
1676505600,NaN,0.000708,NaN
1676592000,NaN,0.000707,NaN
1676678400,NaN,0.000706,NaN
1676764800,NaN,0.000705,NaN
1676851200,0.000920,0.000704,0.000216
1676937600,NaN,0.000703,NaN
1677024000,NaN,0.000703,NaN
1677110400,0.000368,0.000702,-0.000334
1677196800,NaN,0.000701,NaN
1677283200,NaN,0.000700,NaN
1677369600,NaN,0.000699,NaN
1677456000,NaN,0.000698,NaN
1677542400,NaN,0.000697,NaN
1677628800,NaN,0.000696,NaN
1677715200,NaN,0.000695,NaN
1677801600,0.000788,0.000694,0.000094
1677888000,0.000384,0.000693,-0.000309
1677974400,0.000270,0.000692,-0.000422
1678060800,0.000342,0.000691,-0.000349
1678147200,NaN,0.000690,NaN
1678233600,NaN,0.000690,NaN
1678320000,0.000333,0.000689,-0.000356
1678406400,NaN,0.000688,NaN
1678492800,0.000203,0.000687,-0.000484
1678579200,0.000424,0.000686,-0.000262
1678665600,NaN,0.000685,NaN
1678752000,NaN,0.000684,NaN
1678838400,0.000648,0.000683,-0.000035
1678924800,NaN,0.000677,NaN
1679011200,NaN,0.000671,NaN
1679097600,NaN,0.000665,NaN
1679184000,NaN,0.000659,NaN
1679270400,NaN,0.000653,NaN
1679356800,NaN,0.000647,NaN
1679443200,0.000684,0.000641,0.000043
1679529600,0.000871,0.000635,0.000236
1679616000,NaN,0.000629,NaN
1679702400,0.000516,0.000623,-0.000107
1679788800,NaN,0.000616,NaN
1679875200,NaN,0.000610,NaN
1679961600,NaN,0.000604,NaN
1680048000,NaN,0.000598,NaN
1680134400,NaN,0.000592,NaN
1680220800,NaN,0.000586,NaN
1680307200,NaN,0.000580,NaN
1680393600,NaN,0.000574,NaN
1680480000,NaN,0.000568,NaN
1680566400,NaN,0.000562,NaN
1680652800,NaN,0.000556,NaN
1680739200,NaN,0.000550,NaN
1680825600,NaN,0.000544,NaN
1680912000,NaN,0.000538,NaN
1680998400,NaN,0.000532,NaN
1681084800,NaN,0.000526,NaN
1681171200,NaN,0.000520,NaN
1681257600,NaN,0.000514,NaN
1681344000,0.000672,0.000507,0.000165
1681430400,NaN,0.000501,NaN
1681516800,NaN,0.000495,NaN
1681603200,NaN,0.000490,NaN
1681689600,0.000486,0.000484,0.000002
1681776000,NaN,0.000478,NaN
1681862400,NaN,0.000473,NaN
1681948800,NaN,0.000467,NaN
1682035200,0.000423,0.000461,-0.000038
1682121600,0.000731,0.000456,0.000275
1682208000,NaN,0.000450,NaN
1682294400,NaN,0.000444,NaN
1682380800,NaN,0.000439,NaN
1682467200,NaN,0.000433,NaN
1682553600,0.000214,0.000427,-0.000213
1682640000,0.000222,0.000422,-0.000200
1682726400,NaN,0.000416,NaN
1682812800,NaN,0.000411,NaN
1682899200,0.000504,0.000405,0.000099
1682985600,NaN,0.000399,NaN
1683072000,NaN,0.000394,NaN
1683158400,NaN,0.000388,NaN
1683244800,NaN,0.000382,NaN
1683331200,NaN,0.000377,NaN
1683417600,NaN,0.000371,NaN
1683504000,NaN,0.000365,NaN
1683590400,NaN,0.000360,NaN
1683676800,NaN,0.000354,NaN
1683763200,NaN,0.000348,NaN
1683849600,NaN,0.000343,NaN
1683936000,NaN,0.000337,NaN
1684022400,NaN,0.000331,NaN
1684108800,0.000260,0.000326,-0.000066
1684195200,NaN,0.000324,NaN
1684281600,NaN,0.000322,NaN
1684368000,0.000084,0.000320,-0.000236
1684454400,0.000170,0.000319,-0.000149
1684540800,0.000270,0.000317,-0.000047
1684627200,NaN,0.000315,NaN
1684713600,NaN,0.000313,NaN
1684800000,0.000226,0.000312,-0.000086
1684886400,0.000264,0.000310,-0.000046
1684972800,0.000214,0.000308,-0.000094
1685059200,NaN,0.000306,NaN
1685145600,NaN,0.000305,NaN
1685232000,NaN,0.000303,NaN
1685318400,NaN,0.000301,NaN
1685404800,0.000138,0.000299,-0.000161
1685491200,NaN,0.000298,NaN
1685577600,NaN,0.000296,NaN
1685664000,NaN,0.000294,NaN
1685750400,0.000195,0.000293,-0.000097
1685836800,NaN,0.000291,NaN
1685923200,NaN,0.000289,NaN
1686009600,NaN,0.000287,NaN
1686096000,0.000262,0.000286,-0.000024
1686182400,NaN,0.000284,NaN
1686268800,0.000428,0.000282,0.000146
1686355200,NaN,0.000280,NaN
1686441600,NaN,0.000279,NaN
1686528000,NaN,0.000277,NaN
1686614400,0.000264,0.000275,-0.000011
1686700800,0.000360,0.000273,0.000087
1686787200,0.000188,0.000272,-0.000084
1686873600,NaN,0.000271,NaN
1686960000,NaN,0.000270,NaN
1687046400,NaN,0.000269,NaN
1687132800,NaN,0.000269,NaN
1687219200,NaN,0.000268,NaN
1687305600,NaN,0.000267,NaN
1687392000,NaN,0.000266,NaN
1687478400,NaN,0.000266,NaN
1687564800,0.000147,0.000265,-0.000118
1687651200,0.000082,0.000264,-0.000182
1687737600,0.000194,0.000263,-0.000069
1687824000,NaN,0.000263,NaN
1687910400,NaN,0.000262,NaN
1687996800,0.000164,0.000261,-0.000097
1688083200,0.000209,0.000260,-0.000051
1688169600,0.000159,0.000260,-0.000101
1688256000,0.000248,0.000259,-0.000011
1688342400,NaN,0.000258,NaN
1688428800,0.000260,0.000257,0.000003
1688515200,NaN,0.000257,NaN
1688601600,NaN,0.000256,NaN
1688688000,NaN,0.000255,NaN
1688774400,NaN,0.000254,NaN
1688860800,0.000198,0.000254,-0.000056
1688947200,0.000036,0.000253,-0.000217
1689033600,NaN,0.000252,NaN
1689120000,NaN,0.000251,NaN
1689206400,NaN,0.000251,NaN
1689292800,NaN,0.000250,NaN
1689379200,NaN,0.000249,NaN
1689465600,NaN,0.000247,NaN
1689552000,NaN,0.000245,NaN
1689638400,NaN,0.000243,NaN
1689724800,NaN,0.000241,NaN
1689811200,0.000252,0.000239,0.000013
1689897600,0.000118,0.000237,-0.000119
1689984000,NaN,0.000235,NaN
1690070400,0.000250,0.000233,0.000017
1690156800,NaN,0.000231,NaN
1690243200,0.000218,0.000229,-0.000011
1690329600,NaN,0.000227,NaN
1690416000,0.000180,0.000225,-0.000045
1690502400,0.000166,0.000223,-0.000057
1690588800,NaN,0.000221,NaN
1690675200,0.000136,0.000219,-0.000083
1690761600,0.000076,0.000217,-0.000141
1690848000,0.000024,0.000215,-0.000191
1690934400,0.000146,0.000213,-0.000067
1691020800,0.000158,0.000211,-0.000053
1691107200,NaN,0.000209,NaN
1691193600,0.000108,0.000207,-0.000099
1691280000,NaN,0.000205,NaN
1691366400,0.000090,0.000203,-0.000113
1691452800,0.000175,0.000201,-0.000026
1691539200,NaN,0.000199,NaN
1691625600,NaN,0.000197,NaN
1691712000,0.000117,0.000195,-0.000078
1691798400,NaN,0.000193,NaN
1691884800,0.000132,0.000191,-0.000059
1691971200,NaN,0.000189,NaN
1692057600,NaN,0.000187,NaN
1692144000,0.000057,0.000191,-0.000134
1692230400,0.000101,0.000195,-0.000093
1692316800,0.000094,0.000199,-0.000105
1692403200,0.000208,0.000203,0.000005
1692489600,NaN,0.000206,NaN
1692576000,NaN,0.000210,NaN
1692662400,NaN,0.000214,NaN
1692748800,0.000544,0.000218,0.000326
1692835200,NaN,0.000222,NaN
1692921600,NaN,0.000226,NaN
1693008000,0.000233,0.000230,0.000003
1693094400,NaN,0.000234,NaN
1693180800,0.000086,0.000238,-0.000152
1693267200,NaN,0.000242,NaN
1693353600,NaN,0.000246,NaN
1693440000,NaN,0.000250,NaN
1693526400,NaN,0.000254,NaN
1693612800,0.000184,0.000258,-0.000074
1693699200,0.000184,0.000262,-0.000078
1693785600,0.000400,0.000266,0.000134
1693872000,NaN,0.000270,NaN
1693958400,0.000486,0.000274,0.000212
1694044800,0.000298,0.000278,0.000020
1694131200,0.000272,0.000282,-0.000010
1694217600,NaN,0.000286,NaN
1694304000,NaN,0.000290,NaN
1694390400,NaN,0.000294,NaN
1694476800,0.000072,0.000298,-0.000226
1694563200,NaN,0.000302,NaN
1694649600,0.000162,0.000306,-0.000144
1694736000,NaN,0.000310,NaN
1694822400,NaN,0.000320,NaN
1694908800,NaN,0.000330,NaN
1694995200,0.000155,0.000341,-0.000186
1695081600,NaN,0.000351,NaN
1695168000,0.000354,0.000362,-0.000008
1695254400,0.000576,0.000372,0.000204
1695340800,0.000390,0.000382,0.000008
1695427200,NaN,0.000393,NaN
1695513600,NaN,0.000403,NaN
1695600000,NaN,0.000414,NaN
1695686400,0.000269,0.000424,-0.000155
1695772800,NaN,0.000434,NaN
1695859200,NaN,0.000445,NaN
1695945600,0.000242,0.000455,-0.000213
1696032000,NaN,0.000466,NaN
1696118400,NaN,0.000476,NaN
1696204800,NaN,0.000486,NaN
1696291200,NaN,0.000497,NaN
1696377600,NaN,0.000507,NaN
1696464000,NaN,0.000518,NaN
1696550400,NaN,0.000528,NaN
1696636800,NaN,0.000538,NaN
1696723200,NaN,0.000549,NaN
1696809600,0.001097,0.000559,0.000538
1696896000,NaN,0.000570,NaN
1696982400,NaN,0.000580,NaN
1697068800,NaN,0.000590,NaN
1697155200,NaN,0.000601,NaN
1697241600,0.001720,0.000611,0.001109
1697328000,NaN,0.000622,NaN
1697414400,NaN,0.000642,NaN
1697500800,0.000636,0.000662,-0.000026
1697587200,NaN,0.000682,NaN
1697673600,NaN,0.000702,NaN
1697760000,0.000547,0.000722,-0.000175
1697846400,0.000590,0.000742,-0.000152
1697932800,0.000434,0.000763,-0.000329
1698019200,NaN,0.000783,NaN
1698105600,NaN,0.000803,NaN
1698192000,NaN,0.000823,NaN
1698278400,NaN,0.000843,NaN
1698364800,0.000911,0.000863,0.000048
1698451200,0.000506,0.000883,-0.000377
1698537600,NaN,0.000903,NaN
1698624000,NaN,0.000924,NaN
1698710400,NaN,0.000944,NaN
1698883200,0.001646,0.000984,0.000662
1698969600,0.001508,0.001004,0.000504
1699056000,NaN,0.001024,NaN
1699142400,NaN,0.001044,NaN
1699228800,NaN,0.001064,NaN
1699315200,NaN,0.001084,NaN
1699401600,NaN,0.001105,NaN
1699488000,NaN,0.001125,NaN
1699574400,NaN,0.001145,NaN
1699660800,NaN,0.001165,NaN
1699747200,NaN,0.001185,NaN
1699833600,NaN,0.001205,NaN
1699920000,NaN,0.001225,NaN
1700006400,NaN,0.001245,NaN
1700092800,NaN,0.001240,NaN
1700179200,NaN,0.001235,NaN
1700265600,NaN,0.001230,NaN
1700352000,NaN,0.001225,NaN
1700438400,NaN,0.001220,NaN
1700524800,NaN,0.001215,NaN
1700611200,NaN,0.001210,NaN
1700697600,NaN,0.001205,NaN
1700784000,NaN,0.001200,NaN
1700870400,NaN,0.001195,NaN
1700956800,NaN,0.001190,NaN
1701043200,NaN,0.001185,NaN
1701129600,0.001930,0.001180,0.000750
1701216000,0.001548,0.001175,0.000373
1701302400,NaN,0.001170,NaN
1701388800,NaN,0.001165,NaN
1701475200,NaN,0.001159,NaN
1701561600,NaN,0.001154,NaN
1701648000,NaN,0.001149,NaN
1701734400,NaN,0.001144,NaN
1701820800,0.002089,0.001139,0.000950
